티커,종가,시가총액,거래량,거래대금,상장주식수
005930,51400,306846823070000,18086152,937055386584,5969782550
000660,84100,61224998896500,2955819,250909342994,728002365
207940,802000,53064330000000,292065,234320871000,66165000
035420,276000,45336697020000,2104075,588370997500,164263395
068270,318500,42978194122500,4485322,1422660533000,134939385
005935,46000,37852788200000,1633036,75669808950,822886700
051910,504000,35578540872000,516968,262856526522,70592343
006400,381500,26233668195000,546387,209277573500,68764530
035720,281500,24623754218000,2166267,614117605000,87473372
034730,309500,21776511921500,1550365,462923459500,70360297
028260,116500,21772344936500,747155,86602047000,186887081
005380,98700,21089050056900,1095698,108733005900,213668187
051900,1321000,20631638237000,52597,68220471000,15618197
036570,920000,20197700240000,143448,133460817446,21954022
012330,193000,18345555942000,579311,111198614000,95054694
091990,113700,17214899948400,7681188,889123060100,151406332
017670,205500,16593243610500,290774,60117857500,80745711
005490,183000,15955190805000,277109,50927495000,87186835
105560,34700,14428534824000,1858916,64552162500,415807920
055550,29800,14226425683000,2110173,63107856880,477396835
018260,177500,13734559500000,180341,32114377500,77377800
000270,32250,13072967940750,1553679,50733151100,405363347
015760,19850,12742986928450,2346569,46767194600,641964077
003550,73300,12648437702300,496501,36631758100,172557131
096770,128000,11835592192000,1055466,135237061000,92465564
066570,66600,10898944412400,849668,56634662700,163647814
033780,78800,10818648763600,576372,45604901200,137292497
009150,132000,9859567872000,626704,82938902000,74693696
032830,45900,9180000000000,325818,14975514250,200000000
090430,154500,9031836705000,321870,50086122410,58458490
000810,188500,8930156774500,98898,18542659500,47374837
251270,101500,8708506338000,1064185,106579088200,85798092
086790,27150,8151571983300,1455314,39718619050,300242062
010950,66600,7498013947200,397853,26627469500,112582792
316140,9160,6615971976280,1770308,16160218420,722267683
010130,346000,6529020000000,51247,17840626500,18870000
030200,24000,6266683392000,790001,18926106250,261111808
009540,88500,6263420766000,336055,29917211100,70773116
011170,175500,6015336034500,215452,38453173500,34275419
024110,8270,5491770989900,2305389,19209140140,664059370
271560,137500,5436218150000,92149,12539250280,39536132
028300,102800,5375383730000,782340,79602548600,52289725
021240,72600,5357852339400,292899,21481356900,73799619
032640,12200,5326658604200,1908134,23486937100,436611361
097950,338000,5088314868000,70173,23534838000,15054186
018880,9500,5071100000000,1230466,11625215020,533800000
180640,85100,5035405975800,370047,31795588600,59170458
068760,139600,4998628163200,2194890,311726165000,35806792
035250,22550,4824358275000,680838,15240069850,213940500
003670,78300,4775377626000,977731,77106312000,60988220
196170,330000,4618663500000,939080,311787407000,13995950
006800,6890,4446230051120,2997311,20740967760,645316408
034220,11900,4258006830000,3383667,40722171450,357815700
002790,49450,4077557001000,179759,8938916450,82458180
088980,11650,4066366514400,942427,11034526050,349044336
267250,252500,3989150792500,39553,10090229500,15798617
086280,105000,3937500000000,100528,10623044000,37500000
011070,164000,3881405548000,281113,46614632000,23667107
010140,6080,3830400000000,9027443,55450339390,630000000
000720,34350,3825070527750,2579502,90227433700,111355765
004990,35350,3708541527950,1360984,49457683500,104909237
000120,157500,3592944180000,46616,7391337000,22812344
000100,53000,3543410930000,399223,21343587000,66856810
078930,37500,3484326675000,186382,6989166050,92915378
012510,113500,3367851450000,255660,28367463000,29672700
012750,86600,3290728814800,71178,6190858000,37999178
000080,45900,3219132744900,759936,34580284350,70133611
029780,27650,3203498336150,175739,4866762250,115858891
009830,19500,3117357691500,5042231,97951664150,159864497
005830,44000,3115200000000,189164,8317721000,70800000
161390,24900,3084489218100,449681,11294459950,123875069
139480,110000,3066340090000,299486,33233118000,27875819
128940,253500,3002207851500,62241,15857804500,11843029
007070,38450,2960650000000,228663,8756398300,77000000
000210,84800,2951040000000,232087,19833700800,34800000
096530,110000,2885742200000,1428558,155888762900,26234020
263750,218000,2851407300000,132238,28733629300,13079850
004020,21300,2842395220500,636209,13721070400,133445785
241560,27300,2736802231800,798192,22147679250,100249166
008770,69500,2727744409500,527618,36891969500,39248121
247540,129100,2706473830600,742412,97117963100,20964166
003410,5320,2680533045400,884568,4696213970,503859595
042660,24400,2615820348800,561882,13830159750,107205752
071050,46650,2599617526800,395683,18680925350,55725992
001040,87300,2547151925400,87862,7708974200,29176998
005940,9020,2538308160740,3843624,35138549090,281408887
036460,26750,2469372750000,165907,4456711350,92313000
016360,27650,2469145000000,519049,14506684600,89300000
035760,111600,2447293586400,76769,8590331100,21929154
032500,60300,2401199244900,659088,39932643400,39820883
047810,24600,2397887632200,558026,13877541750,97475107
095700,100500,2393326798500,2103585,208317755100,23814197
011780,78500,2391713743500,171906,13558241200,30467691
282330,137000,2367895122000,29986,4125080000,17283906
028050,12050,2361800000000,1193774,14596213250,196000000
011790,62700,2353416598500,903736,57305425400,37534555
008930,35400,2336794674600,300758,10711653600,66011149
253450,82400,2315140888000,274437,22726183900,28096370
003000,35500,2301748219000,3797230,136014861350,64837978
004370,377500,2296197355000,42839,16098126000,6082642
001450,25250,2257350000000,326585,8175457300,89400000
023530,79700,2254613773500,90368,7259379000,28288755
020150,48500,2236375497500,714072,34929529250,46110835
145020,505200,2182345278000,35030,17571775200,4319765
008560,3210,2169837143670,1740980,5612366545,675961727
081660,35550,2159741492100,472282,16551858850,60752222
005387,58800,2145344518800,122148,7189444500,36485451
051915,276000,2122108800000,87880,24483937598,7688800
004170,212000,2087178372000,93604,20068905000,9845181
039490,93800,2072955612000,65916,6166902600,22099740
007310,574000,2069406038000,6605,3805236000,3605237
009240,87300,2054511914400,52135,4574365100,23533928
036490,193200,2037810423600,105801,20546752900,10547673
006360,25300,2026474441200,300327,7673131850,80097804
028670,3770,2015325910390,2016260,7605308505,534569207
030000,16650,1915436396250,588310,9722469750,115041225
006280,156000,1823099928000,167173,25932130500,11686538
003090,31350,1822751073000,1703125,53591563350,58141980
017800,66200,1800595910800,381260,25298972800,27199334
336260,32000,1775799232000,13230183,395946380100,55493726
047050,14350,1770433388150,229150,3284941450,123375149
058470,115500,1760493735000,91074,10204908000,15242370
000880,23450,1757782335750,784996,18258286450,74958735
003490,18500,1754625729000,1343332,25017184500,94844634
181710,89600,1753026240000,330077,29339809800,19565025
084990,64100,1715682267400,316442,20538079000,26765714
036830,97700,1699811076700,507332,49282603700,17398271
298380,36650,1694924146250,4472117,164300948850,46246225
009420,31850,1663864320300,556945,17833861250,52240638
240810,33750,1656581658750,438322,14910094150,49083901
138930,5000,1629676230000,1525055,7681748130,325935246
069620,138000,1598947350000,245378,33803517500,11586575
026960,16000,1595200000000,87843,1411541100,99700000
019170,30000,1589549700000,3420910,100174737150,52984990
000060,13550,1540364000000,102542,1396699250,113680000
084850,67200,1535897865600,241228,16378440500,22855623
192080,81400,1495684462800,518805,41850968500,18374502
140410,170800,1486976601600,161030,27507274500,8705952
051905,707000,1484485779000,3853,2741655000,2099697
047040,3485,1448444893430,1028770,3634288965,415622638
014680,125000,1411899375000,92667,11795225000,11295195
042670,6770,1409253118050,11371259,78266874320,208161465
011200,4450,1408657267750,3420436,15413604300,316552195
004800,65800,1386473445000,47705,3158128400,21071025
005385,56600,1378588371000,116581,6560047500,24356685
098460,100400,1378587480400,89910,8948842200,13730951
294870,20700,1364281731000,718717,14598439150,65907330
069960,58000,1357341578000,113942,6656948000,23402441
010120,45150,1354500000000,98987,4414024650,30000000
078340,104900,1349687458000,69928,7367436900,12866420
235980,66300,1348200024600,1934329,130092515100,20334842
051600,29800,1341000000000,102776,3076178600,45000000
012450,26100,1321443000000,817265,21673580150,50630000
185750,120500,1311725042500,144007,17451344500,10885685
010620,32700,1306108272300,194456,6433208250,39942149
016380,13050,1305116105850,97389,1269471900,100008897
138040,9510,1274447405940,25023,239488920,134011294
000990,28450,1263139828600,846598,24337089750,44398588
007700,81700,1258180000000,207739,17237846800,15400000
002380,140500,1248549175500,42974,6038723000,8886471
200130,42200,1246738147600,217770,9102648550,29543558
009410,16250,1241500000000,614567,10003361650,76400000
064350,14450,1228250000000,1292480,19016516950,85000000
088350,1410,1224627300000,4384405,6242696695,868530000
001740,4895,1214878532065,498501,2452448805,248187647
056190,33450,1201148022000,224614,7584530700,35908760
111770,27100,1200840782800,168097,4561864800,44311468
005290,23200,1192816260800,2010052,47642617950,51414494
030190,19500,1183938990000,308633,5974920800,60714820
034020,4660,1179636025480,1526730,7195664235,253140778
034230,12850,1168613335200,557927,7191170950,90942672
006260,36250,1167250000000,67953,2468616400,32200000
060250,50700,1164649625100,468893,23946468300,22971393
007570,61000,1164225504000,563607,34738439700,19085664
285130,98400,1155353366400,362257,35928279100,11741396
005250,24400,1147488324000,132492,3209721500,47028210
336370,37200,1137938997600,808586,30587259750,30589758
031430,158000,1128120000000,158002,25068625000,7140000
013890,77400,1115082372600,54976,4222201800,14406749
005690,18550,1112238522500,2939846,54628770700,59958950
086450,123400,1097272800000,59452,7327637200,8892000
204320,23350,1096448752000,486398,11458557300,46957120
085660,20800,1091887264000,978564,20637497500,52494580
003520,5920,1082724967520,2607903,15356527660,182892731
000240,11400,1060429972200,138863,1585043500,93020173
041960,16450,1055857660200,480482,8019473250,64185876
039030,85300,1050857615000,163063,14026513300,12319550
272210,9520,1049393303280,1255871,12021738350,110230389
064760,87800,1025065000000,61580,5433486500,11675000
003230,134500,1013190517500,79694,10658161000,7533015
278280,98100,981000000000,261930,25961819700,10000000
214150,15150,980343895200,399608,6096378550,64709168
011210,36000,979022988000,144318,5131309650,27195083
067630,20750,976711899750,784073,16012857250,47070453
001680,28050,971877101250,480170,13260884650,34648025
330590,5600,963025750400,462298,2587320380,171968884
004000,37050,955890000000,74284,2755800700,25800000
214320,47550,951000000000,60203,2843028000,20000000
023590,21150,948928949550,877919,18586401100,44866617
161890,40950,936984321000,164348,6781894600,22881180
175330,4735,932714003090,424263,2016448605,196982894
192820,92000,924554828000,105598,9725762600,10049509
010780,29400,908242616400,72699,2147673850,30892606
139130,5350,904930206550,461279,2451978420,169145833
032350,13000,900583606000,239913,3149420400,69275662
000250,40550,896390717150,216826,8853130900,22105813
073240,3120,896252095440,425490,1314765145,287260287
010060,37550,895543881050,180780,6835310350,23849371
020560,3990,890708823060,1755847,6936756340,223235294
003690,7360,885916693760,415987,3087513200,120369116
120110,32400,874114416000,162506,5309149450,26978840
020000,35400,871902000000,180637,6298832250,24630000
000670,472000,869442880000,1697,797986500,1842040
215600,12100,866567212500,0,0,71617125
071840,36650,865222644800,301171,10868097850,23607712
268600,105100,857311945700,335569,35434402500,8157107
213420,35650,855956927800,571202,20107515250,24010012
001800,13500,845713197000,173993,2353216850,62645422
005300,105000,839313300000,22636,2378987000,7993460
307950,39700,833700000000,30552,1215924450,21000000
178920,28300,831066912600,274786,7890451150,29366322
039200,28200,823448770200,726642,20190018350,29200311
003240,737000,820575800000,723,533085000,1113400
290650,110700,817445552400,268381,29267503500,7384332
218410,34000,810819080000,299781,10302648650,23847620
046890,13900,810445060000,616238,8602268150,58305400
036540,4925,809966992275,1553072,7747435225,164460303
082270,20500,804858761500,420800,8851130300,39261403
114090,13000,804123710000,247730,3205068550,61855670
034310,21150,801210645000,41399,873016050,37882300
003850,16800,800016000000,1205475,20196947150,47620000
069080,22650,799791522600,1831057,40896267350,35310884
183490,97000,797777276000,238670,23292137000,8224508
086900,133000,795000717000,306870,40769143500,5977449
284740,35350,793159615500,54428,1904041400,22437330
057050,66000,792000000000,16005,1052473400,12000000
001060,37850,791824043900,282248,10749555050,20920054
214370,72500,778867500000,67076,4832766600,10743000
005440,7940,775773587080,285224,2270896680,97704482
237690,41550,775156800000,1488317,65744161300,18656000
006650,119000,773500000000,56718,6761782000,6500000
170900,91100,769236374800,34761,3117251900,8443868
101490,38650,762770543150,924046,34242885150,19735331
028150,116100,761906250000,12916,1499135700,6562500
025900,37700,761479001400,1108760,41867969400,20198382
093370,8140,753819506660,1294118,10653518270,92606819
003620,5010,750698410020,55331525,257277096090,149840002
025980,8820,748406185380,6614267,60750233640,84853309
067160,64800,744860901600,845010,53541207600,11494767
006040,202500,744722302500,1410,287107500,3677641
078130,5870,741665014080,3814941,22737580260,126348384
280360,115500,741130813500,5971,681999000,6416717
108230,19350,735749790750,1258004,24569226350,38023245
092190,19200,733894137600,1793913,35279446250,38223653
241590,12000,726440040000,409802,4945437100,60536670
271980,49100,722009215200,272438,13458360500,14704872
079550,32750,720500000000,147492,4860843250,22000000
049770,184500,712008378000,5367,993650000,3859124
035900,19900,706350340800,370124,7403655450,35494992
141080,59600,705777418800,481869,28844743500,11841903
204270,12200,705751285200,626423,7772526150,57848466
086520,31700,700259054700,632984,20206723950,22090191
017810,18300,697064385000,888516,16072309100,38090950
069260,16950,692892066600,106124,1798768650,40878588
112610,40050,692292885750,104912,4215698000,17285715
115450,26800,689187996000,352743,9419683100,25715970
008350,6160,678703194400,8769749,54811729450,110179090
018670,73000,673807812000,3557,259821600,9230244
035600,23950,668311194300,568058,13494810250,27904434
000150,40400,667562934000,69924,2809570600,16523835
005850,13800,665205222600,0,0,48203277
022100,4335,659070550215,686026,2982974165,152034729
033640,28550,658340217100,631604,18306113200,23059202
083790,15450,654474962550,536765,8107895550,42360839
066970,26350,652392509150,1169254,30250357100,24758729
174900,90600,650145600000,569554,51055847400,7176000
033660,11250,647391262500,24095,270605750,57545890
090460,19650,645519988500,2150508,44110221450,32850890
065660,72000,644829624000,331421,24194353700,8955967
092040,33500,643434835000,2074711,69159684350,19207010
090435,60500,638748715000,73773,4467153900,10557830
003380,6870,634388303400,126795,879521460,92341820
267980,80600,632197222800,19040,1542485600,7843638
001630,126000,631242486000,31792,3980670000,5009861
008490,54400,629359747200,49029,2655587400,11569113
084370,27400,627899550800,545289,15112139500,22916042
144510,59000,622689186000,494411,28619470000,10554054
000640,101000,619967997000,28329,2892016000,6138297
108320,38050,618856615000,199988,7617774900,16264300
115390,11400,617727240000,205832,2331806600,54186600
005180,62600,616687686600,40884,2580887100,9851241
006120,32300,614922716500,356630,11582560500,19037855
036810,30200,611061182800,522646,15692249100,20233814
078070,32400,605770747200,175823,5749404900,18696628
103140,21600,605324404800,253264,5478148800,28024278
064960,41100,601010889600,73387,2969213850,14623136
001120,15400,596904000000,293287,4512360300,38760000
018250,22300,588941550500,79930,1795804700,26409935
081000,41450,588713313750,5571920,234288846100,14202975
052690,15350,586677000000,53731,832292050,38220000
230360,36200,586401519400,244607,8920849050,16198937
286940,37650,579671862150,39624,1494374800,15396331
001820,55700,579001500000,226732,12707937100,10395000
001440,676,578975754084,1418719,961639378,856473009
097520,32350,577883642700,882062,28142745700,17863482
192650,9260,574534107200,4440271,41693169570,62044720
007390,9330,570906422670,1119649,10473179800,61190399
122870,31200,567990040800,341798,10579516950,18204809
058820,4085,567374816740,1837647,7587522080,138892244
095660,25850,566502956800,2946079,76144040950,21915008
214450,58800,566105408400,72313,4232378300,9627643
000140,24250,562764051250,113870,2705863150,23206765
298050,125500,562233474000,228280,27967657500,4479948
263050,75500,561020417000,248044,18826958800,7430734
002320,46750,559815168000,144949,6794549350,11974656
192400,78600,559037548200,4023,317423700,7112437
060720,23550,556662748200,711602,16969838500,23637484
009970,40750,555650374000,3086,126611450,13635592
078600,37450,555386346200,2024591,77665405450,14830076
210980,28900,548815739600,50837,1444520600,18990164
151910,3690,548427530430,83301,306740705,148625347
001230,5740,547783910380,1261688,7127394550,95432737
005610,63000,543627567000,11688,741378200,8629009
041510,23150,542855948150,252005,5849789700,23449501
108670,60500,542544035000,128656,7686223900,8967670
003470,2715,541904703840,190688,520854715,199596576
112040,32250,541800000000,148217,4840189250,16800000
014820,21050,539269656550,15684,331782050,25618511
046440,13800,535792838400,8017311,106391256250,38825568
002350,5480,535219965960,199682,1100431200,97667877
243070,54100,534548250400,248745,13324328400,9880744
031390,44000,532890600000,236136,10409830550,12111150
042000,56500,532828730500,373645,21385728000,9430597
032620,10200,532410817800,1462438,14727083230,52197139
032190,13900,532370000000,2466912,34449470700,38300000
00680K,3785,529900000000,391222,1488720475,140000000
012630,8820,526921979220,239329,2121566790,59741721
033290,5930,524806387620,223338,1322575690,88500234
298020,121000,523649522000,6340,765419000,4327682
284620,5080,522094754640,16201689,81065820970,102774558
039130,37400,521325519000,79957,3014768100,13939185
000400,1675,519813336000,341945,573935720,310336320
036420,31450,515310482950,243351,7780839550,16385071
052260,34100,511500000000,841518,28917778550,15000000
053800,50900,509705219500,86552,4432924600,10013855
009450,39800,507032498000,42477,1681643150,12739510
097230,6070,505474885670,184337,1125515890,83274281
085620,2855,505381219595,144436,414322475,177016189
091700,9320,504737741200,1390104,12962517440,54156410
003540,9940,504687596000,136394,1359917880,50773400
126560,4360,492141958560,598319,2626107375,112876596
216080,56900,491573723300,134901,7637091900,8639257
950160,8010,489551575500,0,0,61117550
000070,56600,484737738600,14679,834368400,8564271
082640,2970,479234997450,44521,132275945,161358585
003800,43000,476870000000,2401,103962350,11090000
048530,15200,476627707200,1201683,18278504900,31357086
007460,2670,474084663330,5621512,15234299400,177559799
294140,13700,472650000000,468789,6484198250,34500000
000020,16850,470645269500,4128400,69501427100,27931470
048410,13100,470497988700,2756963,37026403000,35915877
102710,33000,469518588000,592277,19823627800,14227836
006390,27600,464267604000,38130,1054199100,16821290
079160,21900,463432754700,120132,2605280450,21161313
066575,26900,462303184800,130590,3481650750,17185992
178320,25000,452516650000,184984,4662350250,18100666
034830,1780,449430829400,225920,399199275,252489230
206640,18950,444899591450,406183,7725669950,23477551
078160,28450,444327604900,144347,4090765500,15617842
215000,70800,444299382000,38918,2774695600,6275415
089590,16750,441475696500,185562,3131135450,26356758
267270,22350,440312723550,180799,4060886400,19700793
003060,1820,439818193360,5096815,9359101555,241658348
095610,22200,438854617200,1034925,23512573650,19768226
182400,13550,438343394300,354787,4828656400,32350066
004490,31200,436800000000,21923,686799800,14000000
200230,5100,435424648200,2759074,14386004860,85377382
005880,17800,434802540200,108949,1916151950,24427109
131970,63400,434290000000,132135,8464062600,6850000
088800,10650,434287222950,2843335,29583473600,40778143
245620,12000,434075280000,920381,11127621950,36172940
029960,8680,434000000000,295431,2559663890,50000000
048260,30300,432857225100,70417,2148364050,14285717
105630,10750,430000000000,185820,2025971150,40000000
053030,13500,428504148000,1275202,17080497800,31741048
138080,40300,428151028500,117446,4763636900,10624095
068240,15850,426875100550,302274,4821161700,26932183
089980,27600,426441666000,3567662,101544990750,15450785
026890,10150,423033476250,1738283,17767732150,41678175
215200,35700,422041116000,56408,2004443950,11821880
268280,82600,421260000000,4360,360123000,5100000
281820,21150,419602041000,167172,3497736300,19839340
145720,37800,418401774000,44635,1689567850,11068830
006060,7530,416559600000,431497,3226265960,55320000
145990,40300,415631994700,21782,884116400,10313449
000815,130000,414960000000,7331,944874000,3192000
039840,26700,414480173400,55649,1475410850,15523602
138250,12300,414460800000,186111,2243758000,33696000
084680,4015,414106686455,1000440,4061737045,103139897
023890,45000,411750000000,950,43298500,9150000
001720,43600,409239933200,2891,126419400,9386237
166090,20850,409237002900,559809,11527567900,19627674
205470,11850,405552207750,0,0,34223815
042700,7870,405316812870,257869,2043318020,51501501
027410,4210,402967690110,111170,467215010,95716791
272290,42400,402905703200,76443,3288071900,9502493
033180,4465,402042566520,1528840,6866443385,90043128
353200,8130,401759600250,500153,4061303710,49416925
004700,60400,401607935200,10332,642026900,6649138
015350,36500,401500000000,4323,159187900,11000000
010050,594,400476823164,3497520,2098486440,674203406
192440,64400,400333777200,129330,8338798900,6216363
293780,36150,398236822950,916503,32618419650,11016233
001510,841,397448333811,38785516,32665003137,472590171
052020,13100,395625017300,1102771,14370139700,30200383
230240,32950,394807559000,179995,6021116450,11982020
299660,40900,394631502800,5887070,242861918750,9648692
131370,7360,392045730880,5664970,41279368220,53267083
002390,28450,391572513850,215711,6119414650,13763533
072710,84200,390501918000,7333,609940100,4637790
071320,33700,390203672800,4818,163778050,11578744
053210,8150,389749022900,324499,2691733240,47821966
009290,7430,389486922930,219526,1642614380,52420851
030520,15900,388601072100,778803,12363676650,24440319
002270,343000,388231410000,4074,1385033000,1131870
041140,10950,387337875900,5883906,60199453420,35373322
003530,1800,386185995000,683475,1233431245,214547775
319660,26050,384628771000,755011,19349875850,14765020
119860,29400,384399766800,299582,8767444650,13074822
005500,27550,382945000000,225482,6214379000,13900000
102940,33400,381172690400,148756,5028187750,11412356
293480,23400,379080000000,158669,3747707150,16200000
084110,33000,378316191000,79802,2626317200,11464127
044340,21150,378022938750,274797,5770489400,17873425
006730,6500,377912886000,174404,1145826420,58140444
053580,55700,376735583500,55146,3077991400,6763655
087010,24550,376265575000,1990204,49432887450,15326500
093050,12850,375734000000,91105,1185891850,29240000
321550,16000,375549216000,1724669,28268063500,23471826
208340,54300,375256928700,548175,29200965000,6910809
005070,12800,374373952000,1078630,13922365700,29247965
019680,4395,372269025750,289003,1287005625,84702850
094800,4010,372265667310,157633,631932785,92834331
006405,229500,371307132000,78528,18144763000,1617896
001430,10350,371172931650,142249,1470050500,35862119
153710,25800,370946156400,575500,14677025100,14377758
014830,41650,370261960950,27098,1134981400,8889843
249420,15500,368950917500,184805,2873507450,23803285
033270,22650,367650768300,273158,6198459250,16231822
008730,14800,367040000000,249119,3719876800,24800000
123890,2955,366354257160,334885,988737355,123977752
088260,5770,365480974300,28330,164115380,63341590
074600,13900,365403200000,408851,5694595300,26288000
082920,16900,364011668800,177851,2992362850,21539152
002840,73200,363804000000,18582,1348061500,4970000
061970,8300,363412113600,2986256,24989140190,43784592
038540,6560,362953733280,1499747,10062821650,55328313
122990,12850,362009441850,261640,3366868300,28171941
066700,11300,361938491500,854563,9650921350,32029955
097780,1385,361686658770,121651068,173300743395,261145602
024720,20150,361470164900,37801,762407000,17938966
096760,5430,360835201650,257731,1400921170,66452155
001880,23700,359760454200,73919,1740276050,15179766
025540,34450,358796750000,48323,1689368600,10415000
222800,11200,356766401600,329870,3707346350,31854143
253840,26100,356660310600,1306802,33853023750,13665146
045390,5010,356469125220,5323439,27589799120,71151522
263720,29000,355978219000,696273,19572243050,12275111
100120,35550,355566300750,84007,3014634050,10001865
038500,3310,355352242630,972553,3243070725,107357173
228760,17750,354755316250,241023,4329780750,19986215
298060,32150,354506668900,1527691,51411580950,11026646
003220,17500,354263052500,914512,16001737850,20243603
025860,7080,351726208440,106730,760910160,49678843
226950,53500,351116273500,793020,40926979100,6562921
290510,14550,349651748400,159445,2319860450,24031048
293940,6640,347472016720,92340,614781380,52330123
298000,108000,344533608000,20013,2176749000,3190126
025770,9200,344487293200,90133,839193850,37444271
038290,32450,344348172300,280043,9151745750,10611654
265520,23750,343905391250,258950,6168606400,14480227
017960,7800,342893904600,872325,6882601560,43960757
012610,8370,342386275050,2421616,20752448950,40906365
017390,68300,341500000000,132,9056800,5000000
030530,4415,341005686115,770226,3448974435,77237981
140860,51100,340737610500,32987,1693199800,6668055
002210,13050,340223261400,248650,3250081450,26070748
213500,14250,339158208000,135169,1935582650,23800576
068400,9460,338338224400,97206,918820650,35765140
234080,21300,337276000200,283585,5993637450,15834554
300720,81100,336157067000,4149,338624200,4144970
099190,24300,333814883400,49650,1206113250,13737238
214870,12700,333494354600,818224,10523835050,26259398
089030,17250,333249058500,620853,11027325800,19318786
229500,36900,330729792300,3294,120611400,8962867
034950,72500,329187265000,3677,267404100,4540514
000050,11950,327612476500,58782,708714950,27415270
016800,28100,323150000000,1131,32008900,11500000
002620,20200,322661771000,65328,1296527950,15973355
060150,8360,320951117520,770393,6513796960,38391282
078590,4240,319188611920,1315570,5569295140,75280333
037560,4105,317919380825,103985,424554230,77446865
065450,11450,317518610350,44054237,508243269550,27730883
207760,12950,317469301800,4123400,52460072450,24515004
175250,49200,317166324000,1507501,67167263000,6446470
002240,15800,316000000000,56583,888798350,20000000
237880,18400,315561619200,96087,1731449300,17150088
004430,13100,314400000000,130102,1711384500,24000000
183300,35750,313706250000,223115,7950771350,8775000
002960,240500,312650000000,1781,429052500,1300000
051370,13400,312588124800,521239,7108342000,23327472
148150,26850,312587700000,168928,4588140950,11642000
143160,29150,312382768500,188500,5550011850,10716390
043150,21000,311939376000,50640,1068050300,14854256
136480,2935,311725475370,2286991,6699572140,106209702
950180,14800,311714640000,175137,2581135250,21061800
214260,37100,311247333600,1119311,41495851000,8389416
017890,14400,311122944000,625066,9016307150,21605760
001200,3210,310941201780,889093,2764855365,96866418
122900,8650,310909891000,29993,260658870,35943340
001725,43950,310012883850,1329,58642250,7053763
272450,10300,309000000000,107735,1120224500,30000000
073490,45800,308579515200,117266,5430355000,6737544
034120,16900,308468635800,1997305,36011604400,18252582
035810,5530,307692645190,56486081,374055341030,55640623
013120,3385,307385418500,162594,550259260,90808100
104830,24300,306374400000,91799,2263498200,12608000
322000,27200,304640000000,118438,3222806300,11200000
079430,14800,303922173600,360792,5448153700,20535282
228670,45600,303388975200,82399,3780203500,6653267
084690,8340,302012566920,377553,3098090070,36212538
093320,61600,300608000000,99100,5966594700,4880000
059090,9560,299386724680,8243181,81277749060,31316603
102460,17850,299344500000,304164,5449268950,16770000
000370,2550,297684233250,715525,1851368035,116738915
222080,5260,296304142360,2904028,15423649150,56331586
011000,8940,296082143520,2607159,23842793980,33118808
060980,28200,295312374000,36775,1037995850,10472070
058650,73700,294800000000,478,35457500,4000000
123420,30700,293794149400,1832359,54801097250,9569842
018290,8600,292417896600,599879,5069732430,34002081
000480,73000,292000000000,1193,86638200,4000000
194700,32300,290820802000,221501,7062305950,9003740
023410,3760,290688844880,454088,1708769145,77310863
095720,2470,289981932240,435476,1096678645,117401592
244460,18050,288240468050,932592,16719050000,15969001
023900,22850,287910000000,3627266,83563940250,12600000
001520,1205,287614295915,1744978,2144505730,238684063
002780,1975,287306696375,87528,171579920,145471745
077500,10500,286030237500,1419791,14871979500,27240975
060570,4990,283730636530,142456,709885765,56859847
314130,33350,280773549950,4643,155213450,8418997
101060,2000,279792380000,17865814,39562059360,139896190
016580,15000,279001050000,83091,1254791100,18600070
119610,23850,278494971300,57229,1385707850,11676938
002310,31050,278099387100,39024,1216699250,8956502
086390,13100,276857050600,413781,5439291100,21134126
003300,46100,276339811600,4805,221868100,5994356
226320,12600,276309369000,23872,303849300,21929315
308170,32000,275520000000,133678,4302443750,8610000
267260,7610,274318697350,215652,1650855700,36047135
092730,33300,273305121300,80775,2714381100,8207361
111710,13250,272791000000,93978,1253710350,20588000
001130,161000,272090000000,27299,4437495500,1690000
143240,23250,271077864750,29664,690809500,11659263
234340,29250,271059750000,111608,3305025750,9267000
004690,66700,270470167500,5039,336056100,4055025
166480,17200,270339968000,259785,4452724950,15717440
239610,52500,269962770000,70308,3681923500,5142148
300120,26100,269572701600,256644,6792115300,10328456
199800,41000,268929209000,19995,801564500,6559249
050890,5150,268753651250,684298,3526864490,52185175
010170,3640,268419515000,1379038,5079700200,73741625
002150,7910,266725200000,67795,538482300,33720000
00088K,11850,266293200000,101402,1196156550,22472000
137400,12250,266014434000,1537411,18899410050,21715464
065530,5030,265885800000,915195,4653167550,52860000
243840,39400,265706980800,86534,3419881300,6743832
029530,26300,265104762700,19077,500621200,10080029
344820,31700,264701657000,99791,3181127700,8350210
131390,17900,264072435000,775065,13847532100,14752650
078020,4755,263813058450,95320,455745035,55481190
052710,26900,262097621400,283698,7645073000,9743406
179900,16250,261899543750,247104,4098571050,16116895
007340,26150,261343230750,7007,183752300,9994005
089600,29850,261327526350,30198,901572950,8754691
036930,5410,261028236920,699778,3843380460,48249212
152330,13050,261000000000,28460,373312000,20000000
029460,19250,260915347000,156789,3029528750,13554044
195870,15300,260100000000,79459,1212916400,17000000
036800,25950,259500000000,56950,1469566400,10000000
064550,11400,259203977400,552890,6329124600,22737191
220630,2665,257976509180,311656,829782585,96801692
064260,3860,257770209420,2100257,8252105725,66779847
009680,7810,257730000000,44373,340057790,33000000
039440,16250,257237500000,394414,6560779600,15830000
101530,8820,256810370040,109424,958672180,29116822
036530,15750,256786204500,7455,117842250,16303886
298040,27450,255958842600,2956157,80516908700,9324548
256940,16800,255588278400,183295,3138966150,15213588
007810,10800,255104110800,557961,6127417400,23620751
002810,13800,254843882400,25364,349479200,18466948
089970,10950,254418815250,224371,2518143100,23234595
00104K,60000,253590720000,15838,956235500,4226512
011040,9480,251694000000,565364,5477725310,26550000
033500,9320,251487235880,332600,3116100350,26983609
001500,8560,251125670160,82540,715438500,29337111
047310,7290,250928958780,754717,5464410340,34420982
288330,39300,249832379400,191204,7591527950,6357058
272550,17550,249382060200,18268,317849450,14209804
216050,30950,249357248150,88014,2744877450,8056777
270870,27350,248139001400,71375,1960698850,9072724
131290,22400,247776009600,643898,13854177850,11061429
082800,1900,247211445300,7340041,13992152910,130111287
110790,21100,247196628000,38957,820405200,11715480
074610,6640,247153528880,16466745,114312127430,37221917
040910,13900,246901460500,372651,5303357800,17762695
100130,4310,246286330000,2354567,9729979735,57143000
142280,11650,246016346950,6873982,78079701500,21117283
017940,35800,245588000000,25764,925305750,6860000
065680,24700,245375234000,182894,4452854750,9934220
095340,17350,245372513800,1024461,17197495300,14142508
011280,3465,245342582100,324110,1131159955,70805940
200670,24600,245291372400,172354,4264824850,9971194
086820,30300,245170207800,166955,5113354300,8091426
200710,26400,244709546400,195123,5202858700,9269301
002990,6670,244348273080,152065,1017042610,36633924
060280,7320,244175091960,219980,1632321960,33357253
053610,22150,243650000000,459226,10096414550,11000000
282880,26250,242851665000,223040,5837177700,9251492
067080,13300,242392154200,675770,9197510100,18224974
092130,20000,240872000000,11230,224781300,12043600
045970,9170,240757102880,582254,5317613690,26254864
001360,3890,239428383570,1399135,5479895190,61549713
011930,1345,239187635185,59666327,88242981815,177834673
005390,1660,238555927400,48828422,86011983380,143708390
236200,33150,238456999950,169798,5671404500,7193273
039560,7390,237058548320,633174,4683244440,32078288
030610,6580,236880000000,143620,951320280,36000000
288620,41200,236665819200,4312701,168934443500,5744316
075580,6150,235992228000,1909341,11705677120,38372720
002100,10850,235355487500,143076,1560705350,21691750
317330,12800,235231078400,84680,1072659050,18377428
006840,17700,234481829700,44434,795109100,13247561
121600,21550,233781576150,604186,12833290600,10848333
041190,2775,233100000000,2267536,6411472790,84000000
067000,16300,231277977900,244692,3987462300,14188833
00279K,32600,231205720000,12779,418309750,7092200
004710,7190,230870022820,156690,1125918350,32109878
078520,8500,229784401500,45862,394385850,27033459
136490,9650,229473178600,64725,618094260,23779604
040350,2015,229222452615,464924,933108450,113758041
002020,18150,229169631900,95461,1727173250,12626426
115180,26400,227714942400,223019,5898050350,8625566
025000,47000,227480000000,4067,191557650,4840000
003560,1555,227396588140,4384629,6855370030,146235748
148140,14950,227235395400,537743,8135447800,15199692
109820,12000,226866072000,490847,5937729800,18905506
016590,56200,226473748400,6175,348614200,4029782
063160,41250,226295932500,324238,13382061300,5485962
015750,2820,225600000000,343920,969027775,80000000
036580,6140,225509570020,222651,1345861950,36727943
225570,7770,224077724640,197603,1507059590,28838832
039860,8350,223169840450,827505,6905959210,26726927
003545,8580,223080000000,163041,1409982480,26000000
049950,26650,222855454900,66520,1775320600,8362306
214610,15750,222852672000,166796,2604136600,14149376
035890,1075,222612277100,647004,693288620,207081188
015860,4505,222310410915,515887,2353288470,49347483
063570,6490,221618754720,140489,910587020,34147728
041830,16150,220993079300,75699,1232168450,13683782
005960,10100,220959972500,90073,901623420,21877225
189300,29200,220791069600,1012232,29091118100,7561338
005720,4120,220601185240,33931,140885220,53543977
191420,27200,219929244800,173680,4817016750,8085634
001940,11900,219868922000,3463,41022550,18476380
183190,56100,218554884900,6933,389582300,3895809
035510,127000,218440000000,4211,530044500,1720000
025320,3010,218408995280,12725926,38073044640,72561128
004380,10400,218400000000,47193,487463050,21000000
084650,19550,217863694650,709443,14037705250,11143923
214390,9110,217791494600,103145,935152190,23906860
278650,29200,217263914000,501355,14809591500,7440545
155650,10850,216721784300,365966,4044346050,19974358
054950,34150,216200508200,35793,1201353400,6330908
251370,29100,215491320000,115530,3378914650,7405200
003070,8530,215045036140,94798,800648120,25210438
006620,22350,214649400000,211268,4761733950,9604000
005420,8220,214630981500,288092,2393193950,26110825
037710,134000,214400000000,408,54901500,1600000
161580,11350,214062146350,583166,6621664200,18860101
016710,13300,213989804700,99027,1301014400,16089459
079980,6200,213900000000,156114,974785840,34500000
003120,80400,213864000000,9520,772903500,2660000
003920,297000,213840000000,1675,497931500,720000
094280,18500,213826700000,29430,548240750,11558200
125210,12950,213633430500,289619,3717133750,16496790
206650,7960,213395604280,722276,5779423470,26808493
03473K,376500,213149827500,276809,100649379000,566135
232140,3355,213097585745,211281,703745150,63516419
068290,21300,213000000000,73149,1582141400,10000000
121440,4970,212898985460,250967,1281807040,42836818
091120,13250,212807402000,527979,7062425300,16060936
012690,5810,212478991550,697426,4097280810,36571255
007690,36500,212087484000,8849,325599500,5810616
217730,10100,211892313700,628745,6366126640,20979437
104700,4590,211369500000,170985,783946945,46050000
005810,26750,209590717250,6472,170868500,7835167
067290,5020,209169173320,450084,2276556895,41667166
089010,14350,209112433250,1429746,20537087600,14572295
161000,6510,208580400000,50372,329502830,32040000
067900,11450,208386095550,343258,3886652950,18199659
121800,6130,208368035990,831808,5091493240,33991523
031440,53700,207952176000,8918,482734600,3872480
037070,14850,207900000000,343216,5158496350,14000000
006490,2105,207616655200,517646,1091748500,98630240
263690,18300,207258663000,626780,11178628900,11325610
054780,12100,206563528600,180094,2198076000,17071366
201490,6600,206301282000,2117448,13644757470,31257770
031330,2060,205989838020,363128,747597825,99995067
298690,3945,205416150000,256132,1010499510,52070000
234690,11550,205038787800,502606,5727188050,17752276
015360,34150,204900000000,647,22065800,6000000
900140,4005,204737358195,319192,1256234160,51120439
072520,2180,204683860220,4858803,10545663240,93891679
004360,10600,204672114000,18253,194271300,19308690
115960,16500,204567000000,42429,702328600,12398000
229640,6660,203961694140,126772,843376480,30624879
226330,15400,203927046400,1203205,18912287250,13242016
058400,1535,203279620200,22455869,35542797160,132429720
052400,13050,203046489900,0,0,15559118
080420,2545,202891527990,45830,115646075,79721622
023160,7650,202725000000,99495,764290560,26500000
123860,20000,202554000000,36667,736545300,10127700
014620,7080,202488000000,186934,1338383850,28600000
003580,6320,200976600400,360006,2240408030,31800095
018120,30350,200950992000,1497,45495250,6621120
004310,6250,200000000000,4907117,30991463180,32000000
045520,30750,199875000000,220184,6748172500,6500000
049070,11600,199520000000,348720,4124620450,17200000
289080,3740,199095160000,6394471,24318330625,53234000
042520,20100,199039325400,130925,2647096650,9902454
33626K,14800,197790160000,5501654,75999522100,13364200
079940,14550,196944202200,405901,5899219000,13535684
080160,10400,196560000000,294937,3111606550,18900000
123040,5700,195423622200,1101515,6259115610,34284846
248170,42750,195294226500,862408,39743341600,4568286
000430,3140,194680000000,35466,110875730,62000000
256630,3445,194596206090,582613,2044599145,56486562
097955,146500,194468934500,13261,1927992500,1327433
086890,7300,194364631600,433266,3198858960,26625292
043610,3340,194105562920,1308958,4254787005,58115438
000970,8490,193576245000,84195,711493210,22800500
051500,16300,193506851800,58351,954550050,11871586
290670,29200,193215611600,133492,3869430900,6616973
306040,58600,193063560000,72002,4247851600,3294600
123690,12000,192816000000,213792,2596812250,16068000
074430,2190,192340788360,1198221,2613809440,87826844
071055,32600,190978982600,27690,912012850,5858251
001270,18400,190805902400,3066,56325000,10369886
078150,2415,190761878790,4753779,11425062180,78990426
302550,31950,190602389700,263275,8580968700,5965646
057500,3085,189709113400,255970,792512135,61494040
070960,3940,189645332020,135861,537652050,48133333
136540,15600,189525382800,117099,1838458950,12149063
054620,9250,188646544250,208525,1933298480,20394221
104480,2070,188153548380,398893,831818040,90895434
067990,6670,187009091150,192462,1271138220,28037345
297890,26300,186978535000,50886,1338144500,7109450
228850,11250,186648907500,76066,856084150,16591014
009520,4465,185934668895,6724138,31937098840,41642703
016250,66400,185920000000,21050,1391857300,2800000
083450,19900,185423125500,319524,6429236250,9317745
139670,13650,184907090550,498908,6925330050,13546307
091590,15750,184905000000,219949,3477723500,11740000
311690,47750,184861642000,574545,27819689600,3871448
036200,6020,184598622460,665258,4100872280,30664223
251970,14850,184140000000,44523,662913450,12400000
091090,3010,183582283920,585716,1805012225,60990792
053300,5890,183561850000,890949,5279494580,31165000
067280,30950,183433810050,11633,363616350,5926779
009580,2940,183362872560,222493,657025095,62368324
023910,30500,183000000000,29016,885717700,6000000
044450,7890,182936593200,52804,419600980,23185880
036890,8120,182556016160,808107,6412835220,22482268
950110,7400,182458396000,63898,479304380,24656540
302430,18900,182389082400,285169,5418539600,9650216
084010,7350,181153494900,192341,1414044480,24646734
050110,2670,181126602930,1452255,3877157120,67837679
130580,11750,180950000000,59158,683232800,15400000
013030,13250,180375324000,73363,979200850,13613232
225530,4990,180193056670,126813,635291425,36110833
092230,42600,179969919600,2375,101824550,4224646
016450,4495,179800000000,72360,329670355,40000000
060590,9300,179587854600,1306879,11814404740,19310522
045100,9940,178920000000,151333,1508479790,18000000
255440,13650,178241700000,73316,1016127700,13058000
000680,2260,178094816160,145777,327238220,78803016
083550,17300,177879084400,298318,5190845100,10282028
051160,12200,177809571000,441887,5295929050,14574555
180400,7740,177624207360,0,0,22948864
009155,61100,177616722400,66950,4149197100,2906984
049180,5980,177612320860,0,0,29701057
008060,6200,177258291400,418853,2598532990,28590047
267850,15900,176490000000,502242,8267967750,11100000
001790,19650,176253779700,15617,303002350,8969658
011760,13300,175945247800,58921,788853150,13228966
032850,10550,175375741150,561090,5977533700,16623293
215360,19150,174880921450,647872,12255816850,9132163
095190,4810,174760306240,25645279,125671135660,36332704
067170,11350,174694716750,348466,4010005550,15391605
036030,4890,174646457580,37226,182945545,35715022
063080,26450,174442828400,21958,579679950,6595192
102260,3960,174212327520,27538,108450340,43993012
001570,3950,173990133250,1156313,4485478565,44048135
241790,17350,173545699900,205761,3565533300,10002634
238090,3370,173375914830,295472,1003421670,51446859
203650,3425,173324707450,1804407,6152168590,50605754
071200,7090,172970887220,201405,1433510930,24396458
018000,1740,172732636200,9318403,15442445505,99271630
033160,7900,172280743100,172020,1378002530,21807689
061040,7820,172011957480,1718643,13783445160,21996414
317400,6420,171943778400,403810,2576993570,26782520
065950,6090,171928629180,1410914,8732061840,28231302
264450,33550,171908690250,41385,1387670200,5123955
001390,13200,171774662400,113315,1514501350,13013232
003570,5150,171251389550,471428,2469079710,33252697
200780,19250,171178392000,356257,6965159400,8892384
001530,69400,171113264600,11164,776810200,2465609
106240,3990,170945086200,2277679,8974348980,42843380
290720,25100,170831453400,101105,2525898650,6806034
214180,13800,170602168800,65156,898150350,12362476
263700,23350,170199037300,1679118,38816226500,7289038
237820,13250,169959605000,1226245,16977230650,12827140
054670,11800,169388056000,709227,8437652950,14354920
142760,8800,168832620000,774108,6716939340,19185525
054050,10450,167519362450,88914,932298150,16030561
037950,1980,167206087620,5632939,11263869645,84447519
030960,10450,166991000000,135675,1393310140,15980000
085370,6500,166475965500,313503,2049240510,25611687
058110,27000,166447980000,496337,13192173250,6164740
036630,277,166290336902,3414633,965773920,600326126
092070,15400,165732151200,559350,8573402100,10761828
203690,3615,165411367020,532909,1951271575,45756948
176440,1920,164619542400,0,0,85739345
012700,6220,164494959700,157350,969159320,26446135
072020,16500,164340000000,124139,2057381550,9960000
168490,2050,164041000000,24985,50305310,80020000
144960,3965,163860306025,470487,1883536940,41326685
049960,17350,163090000000,52818,911322500,9400000
015590,1020,162954360540,1199896,1207597346,159759177
002170,54300,162900000000,5164,280273700,3000000
028100,14150,162725000000,98183,1402401150,11500000
037460,9960,162532479120,160600,1597874020,16318522
027050,4060,162400000000,355902,1465587390,40000000
002030,74100,162354878400,6429,478152100,2191024
099320,22300,162087260100,111172,2489767900,7268487
009160,2475,161938052100,48061,119339660,65429516
000155,40500,161856711000,153107,6085437450,3996462
000700,6200,161459234400,61380,375930180,26041812
021050,3400,161413606000,1896907,6501211320,47474590
214420,9150,161406000000,67275,622279150,17640000
256840,3160,161349751680,1455936,4632517155,51060048
007540,56100,161332380000,824439,51250284800,2875800
101140,3910,161265854240,570961,2183391235,41244464
064290,12800,160965913600,1202314,15677088250,12575462
027360,1355,160857537750,1563736,2180930255,118714050
007110,2065,159947899650,1765921,3689850945,77456610
122450,7050,159809273100,217813,1538203790,22667982
126880,7140,159668142900,39363535,288871581490,22362485
041920,18450,159601651200,187424,3484818500,8650496
053980,8940,158666065080,345949,3107811220,17747882
024950,11950,158619245150,1234366,15081295500,13273577
004970,9890,158240000000,31851,312299170,16000000
036190,26350,158100000000,3375,89029750,6000000
044820,16450,157984500450,44315,745470600,9603921
023760,500,157804788000,175413,87542854,315609576
003555,47600,157778625200,15238,723149800,3314677
004200,10350,157521245400,43742,454499350,15219444
238490,27750,156957274500,302740,8379442800,5656118
950170,4480,156824716160,95733,432562935,35005517
017180,6050,156822527950,954460,5884703140,25921079
214430,22050,156704058000,135851,3034318300,7106760
33637K,21250,156536000000,797807,17241144450,7366400
001540,12000,156509040000,85484,1028510400,13042420
033920,5490,156465000000,49307,271524860,28500000
282690,11350,155869720250,3292,37710200,13733015
003350,34200,154994400000,38584,1333964150,4532000
086980,2475,154935000000,185947,463146395,62600000
083660,4170,154590427650,0,0,37072045
077360,6790,154258621790,114236,784794270,22718501
109960,861,153856581837,1205011,1049016819,178695217
068930,6790,153750879170,41165,280275580,22643723
047400,3660,153720000000,76530985,299287742085,42000000
079370,14800,153683200000,2277902,32432153600,10384000
214330,5960,153525249200,399577,2376255480,25759270
003200,63800,153120000000,22049,1427577000,2400000
010955,38000,152833226000,23121,883483400,4021927
195990,695,152249770510,9820117,6899670818,219064418
159580,7590,152047707240,54097,417459140,20032636
005950,9900,151252200000,300528,2979911510,15278000
171120,8000,151148608000,20969,168662250,18893576
031980,6990,150721141050,16317,115497740,21562395
005680,7530,150600000000,10991,82469210,20000000
034940,4830,149632564410,937403,4539487295,30979827
217270,6400,149568934400,278320,1782827450,23370146
108790,4510,149531214800,50165,227454280,33155480
299900,4970,149193689470,1286782,6424767065,30018851
066310,18000,149008140000,166800,3002570550,8278230
061250,8610,148963753890,560545,4876926680,17301249
004980,6050,148322241650,128670,784528880,24516073
083310,10950,147972091350,373938,4186554500,13513433
02826K,90900,147932932500,52323,4716530200,1627425
281740,2250,147893733000,5427912,12266669280,65730548
000540,2300,147758083500,38012,88556700,64242645
096240,19250,147737031750,27415,529553150,7674651
100590,10000,147636000000,325495,3273033770,14763600
138690,9210,147608402910,53856,503408590,16026971
090850,12700,147360259000,221328,2832169850,11603170
120030,117000,147145167000,95722,11481922500,1257651
090360,15050,146737500000,95769,1449586550,9750000
138490,3850,146300000000,145580,557606490,38000000
007660,3545,146296470910,468594,1652341300,41268398
002700,2055,146002655655,3977679,8226133780,71047521
101160,8830,145792068190,369760,3296653460,16510993
082740,4425,145791103350,674635,3021855445,32947142
060230,1945,145667888620,967365,1868542540,74893516
000490,6130,145453927300,456555,2784917460,23728210
077970,6320,145416273280,13603,86341270,23008904
160980,13300,145292431900,336045,4448964850,10924243
095570,3100,145149114500,59160,182408295,46822295
108490,12900,145137900000,169246,2151953650,11251000
007820,7240,145045769040,237175,1733890860,20033946
010820,3100,144971004000,9016392,29139503135,46764840
053950,8500,144954427000,145613,1230921160,17053462
042370,6480,144853097040,179705,1171622790,22353873
030210,2400,144753820800,120538,289614960,60314092
005090,29750,144418935500,20040,600880100,4854418
090350,7220,144400000000,66546,481592630,20000000
067310,4750,144255177250,434632,2082657360,30369511
052330,9260,144220351520,24455,225358370,15574552
091810,3070,144212672840,289455,906102880,46974812
000215,37950,144210000000,22517,857877000,3800000
005945,7640,144174195520,339998,2686536540,18870968
016610,3395,144105490655,79946,272528470,42446389
027740,908,143893115352,9909318,9119789904,158472594
109740,7060,143704626780,66638,470061360,20354763
065650,3850,143219499500,172044,668133045,37199870
003030,34550,143094249350,3839,131641000,4141657
019210,4675,142932603825,171617,808235475,30573819
151860,3965,142740000000,377680,1501349490,36000000
041910,11950,142184242850,509382,6169979300,11898263
015890,4855,141905581250,8654,42029840,29228750
090740,7500,141739132500,1602139,11874277240,18898551
011320,7320,141427487400,6205123,46215465160,19320695
060900,1045,141241156045,1734241,1813034910,135159001
100790,3055,140532514265,249940,759037115,46000823
012030,698,140419405234,402282,283275802,201173933
126700,9380,140157010560,911710,8822708490,14942112
004960,12100,140005494200,16704,203439300,11570702
001250,1695,139894729980,278086,472243790,82533764
013580,15650,139768694550,10428,164662850,8930907
054800,13500,139694706000,6533,86743000,10347756
004890,57600,139692384000,4299,246855800,2425215
100700,3175,139065000000,342986,1100833640,43800000
306200,48850,138553255000,10553,521589000,2836300
158430,31800,138443748600,252440,7913511650,4353577
353810,60400,138118371200,1752519,110886516400,2286728
263600,8660,137956484600,872949,7720731400,15930310
052420,2225,137874850625,2072203,4700185455,61966225
007160,27550,137750000000,13115,361511050,5000000
094480,3510,137696731380,89433,310895510,39229838
009190,4625,136742467875,1744550,8184664390,29565939
260660,13900,136422592500,330492,4632074200,9814575
002720,7400,136163848000,694103,5208838480,18400520
305090,37450,135973460000,150802,5551871800,3630800
035150,5610,135762000000,120245,683318620,24200000
004540,3645,135742325985,262659,941070165,37240693
065170,2050,135671829000,1157361,2410038435,66181380
102120,7770,135661503810,372193,2921118040,17459653
260930,13400,135636823400,4956,66924150,10122151
005160,2500,135611205000,147118,365269535,54244482
284610,3600,135565200000,52454,190328090,37657000
001460,217000,135541455000,578,125310500,624615
048550,1430,135292471600,448733,645810535,94610120
126340,31750,135042275000,2247,70138550,4253300
131030,8150,135003095550,101817,831097010,16564797
005389,55500,134794792500,25722,1416727500,2428735
148250,19150,134764620550,212258,4033772750,7037317
122310,9250,134623057000,137788,1281085400,14553844
039570,8170,134478200000,7239,58752750,16460000
004250,3660,134395200000,53985,196283240,36720000
044490,6700,134049452700,71851,485360520,20007381
047820,1535,133979262245,11543672,18222217540,87282907
073560,1935,133974839205,2531568,4965512990,69237643
065130,8350,133401745950,270042,2250330080,15976257
100250,2385,133310271420,79158,188897230,55895292
011150,3705,133123513965,1071309,3963325010,35930773
046210,4140,133045772400,157823,652301850,32136660
021320,6210,132894000000,26325,162991940,21400000
002795,20600,132741662000,96886,2002654550,6443770
014470,2210,132715494600,153745,341091370,60052260
138580,13900,132674666000,41188,579535450,9544940
008700,1720,132654690400,539386,928253020,77124820
001780,1770,131907660540,127749,228656320,74524102
117580,4785,131587500000,13237,63270165,27500000
099220,2730,131527889220,1682029,4625221310,48178714
003960,14350,131510101450,49292,716882100,9164467
090470,9000,131380272000,35114,317256870,14597808
004150,3125,131276803125,142980,444459590,42008577
002450,1450,131269826750,223184,323656775,90530915
086040,8980,130996854540,542931,4918960070,14587623
110990,6920,130788000000,46794,324556080,18900000
128820,2890,130730531420,62307,179111900,45235478
042420,14750,130638773500,141073,2075195000,8856866
000520,20050,130325000000,74006,1481274250,6500000
012790,11950,130278900000,2215180,27673846300,10902000
041460,6070,130257641430,474384,2879662430,21459249
073640,2230,130237383220,3808034,9234315685,58402414
064800,1680,129727051440,6729352,11323825975,77218483
013810,8850,129700909500,16937819,153008196010,14655470
118990,3465,129371079915,1248417,4293830120,37336531
143210,5900,128993281200,12902,76751400,21863268
187420,5880,128408986440,357922,2009358910,21838263
000390,4845,128095748595,18609,90390340,26438751
009470,19350,127977417000,1205990,23516437500,6613820
223250,23500,127350025000,184845,4372258750,5419150
034810,13000,127140000000,185142,2406781850,9780000
312610,12500,126605550000,86538,1076966450,10128444
102280,908,126538541316,3913158,3568313759,139359627
131400,6070,126497361410,417714,2610055150,20839763
046140,5890,126420338950,7119866,47048348330,21463555
004840,6330,126156900000,168211,1085453320,19930000
093230,230,126118784660,5713583,1343525622,548342542
000320,9480,126000111480,10682,101779160,13291151
241820,13200,125924000400,122602,1631447850,9539697
027710,1130,125900758000,3876888,4488687910,111416600
182360,3800,125785806400,364888,1380890250,33101528
227950,3150,125673442650,488126,1542783105,39896331
011390,119000,125664000000,25130,3027039000,1056000
005740,8460,125608555620,12769,107608100,14847347
004650,13650,125455580250,90291,1227433500,9190885
043220,1370,124828066490,1400490,1931473260,91115377
003460,2200,124745313000,3105,6789250,56702415
277880,16000,124636240000,110,1763150,7789765
023600,7690,124347300000,54382,420390810,16170000
089470,3890,124091000000,47515,184026210,31900000
145210,1530,124074943020,1596749,2496343355,81094734
024090,10600,124020000000,4625,48904550,11700000
033310,5640,123924398040,441666,2411510620,21972411
204630,4300,123763636300,447999,1893222190,28782241
005990,9010,123601919040,12849,116167730,13718304
043370,5880,123480000000,49457,290622070,21000000
004060,609,123276800640,419334,256474815,202424960
014570,11200,123200000000,248734,2783568700,11000000
001070,23200,122960000000,5599,129156100,5300000
160550,4405,122926396930,280272,1234696780,27906106
152550,1755,122885100000,42089,73030120,70020000
002900,972,122476480920,1179588,1154717818,126004610
057030,7500,122345227500,769275,5825892760,16312697
007860,5200,122095188800,8524577,46829913740,23479844
009270,1435,122035986065,859072,1248370580,85042499
002460,9790,121893332000,60502,597665960,12450800
014970,8030,121453750000,452951,3701333300,15125000
008040,859,121243211400,332165,282648992,141144600
072870,10150,120997733850,72491,731885850,11920959
086960,13700,120951929600,466168,6138895350,8828608
035620,1645,120863912435,1782423,2982499100,73473503
078000,12450,120798689700,6180,77475200,9702706
036120,3400,120700000000,1026425,3421116520,35500000
058610,5770,120460145750,67237,392107070,20876975
033240,6710,120109000000,78914,531964040,17900000
065060,1225,120059853900,824698,989707175,98008044
222040,5810,119848680000,241088,1414018500,20628000
138610,12100,119826045900,204480,2523194950,9902979
093920,6430,119598000000,82577,536569890,18600000
008970,1005,119479716450,679386,682318148,118885290
052670,7950,119250000000,1187212,9615095090,15000000
039340,5180,119140000000,162638,851285210,23000000
290380,13150,119039060000,88489,1178504100,9052400
187870,16900,118918692100,197476,3343231600,7036609
229000,22050,118909608300,21320,470953300,5392726
042510,3730,118649852760,2077599,7763192630,31809612
003830,89300,118590400000,3670,334100300,1328000
068940,3800,118482943600,547390,2099535080,31179722
007330,7830,118098324000,4853,37908310,15082800
009460,1975,117843284850,1015518,2018010920,59667486
144620,1710,117406265850,2315470,4053931205,68658635
080000,3410,117040986700,305376,1057220255,34322870
206560,4615,116981647640,219245,1022279615,25348136
211270,7790,116965323160,45162,352603070,15014804
018310,7950,116865000000,33006,262223890,14700000
252500,5630,116784187850,624106,3503942170,20743195
033530,5160,116669029320,1978265,10026259270,22610277
134380,53000,116561204000,1728,89695000,2199268
007210,1700,116552000000,377852,654202480,68560000
099750,18250,116544500000,48691,886943800,6386000
100840,15500,116354020500,36388,559819550,7506711
241690,9750,116293320000,14677,144594860,11927520
060240,4570,116211827880,118138,539801545,25429284
083930,7240,115814696200,125372,920774790,15996505
082210,4890,115775400390,120984,598081170,23675951
950130,3440,115507146960,382026,1336161830,33577659
005870,8180,115469002700,3708647,31744157670,14116015
033320,6040,115451169280,3566365,21769177580,19114432
241710,10800,115344000000,63805,692023950,10680000
064240,3485,115335224660,118627,405282700,33094756
048870,1760,114772509280,200451,355561055,65211653
020120,6760,114644638160,228051,1567384480,16959266
009320,2405,114589531875,5261949,12809602820,47646375
001340,2550,114541937850,520020,1326722805,44918407
038880,472,113948956632,1513069,716224020,241417281
264900,9090,113841796500,12303,111458610,12523850
210540,10300,113729592400,127879,1341552850,11041708
014790,2920,113514830640,115706,338148970,38874942
024810,158,113493301056,7554677,1200682775,718312032
051360,6780,113341653240,119233,812839060,16717058
307930,7260,113328600000,155394,1128117520,15610000
241770,11200,113145088000,18424,207230500,10102240
088290,6630,113027351580,185638,1205885800,17047866
068790,4900,113006186300,101912,502004800,23062487
038390,13150,112951662000,16652,219527550,8589480
108380,11800,112894529400,42033,491692900,9567333
014990,1915,112856685425,1123545,2165430190,58932995
036670,9990,112587300000,61224,613715330,11270000
179290,3700,112567164600,157948,591039160,30423558
096775,90100,112483182600,38630,3498394300,1248426
091580,8880,112465644000,384660,3465628560,12665050
033560,6200,112145891400,347916,2111914160,18088047
100090,3800,112099042400,291933,1072843720,29499748
053590,1225,112025016425,2741604,3357510380,91448993
214270,1110,111972599760,6481211,7430417500,100876216
096630,1715,111930716660,632169,1099004820,65265724
003160,3545,111656102825,202183,722849125,31496785
014160,1030,111646385470,625111,648225590,108394549
060310,2490,111558252390,95795,239915390,44802511
002760,1860,111414000000,3453750,6681155635,59900000
124500,5590,111281991470,675264,3812289130,19907333
149950,7130,111281475000,8096,57407690,15607500
050760,6810,111239157180,759430,5320706550,16334678
004770,3190,111155585090,692701,2242772245,34845011
035080,1900,111150000000,266150,505745200,58500000
107590,47750,110780000000,28582,1370192900,2320000
163560,8100,110565000000,130262,1050418440,13650000
208640,885,110555731935,719323,633182843,124921731
080720,18700,110399713600,716633,12912612600,5903728
002800,7260,110137830000,326301,2393875500,15170500
069920,4260,110020302120,8106,34275760,25826362
322510,7350,110005516950,158732,1164675540,14966737
137950,4940,110003001160,177108,880146520,22267814
205100,3245,109947975885,335807,1095778315,33882273
067390,4280,109908910560,218594,937529010,25679652
215100,6170,109816461180,5383763,32518733320,17798454
055490,23250,109685362500,62740,1428955700,4717650
005430,34550,109397565250,15981,550557050,3166355
190510,15850,108906776500,92128,1473832300,6871090
239340,4050,108871541100,269020,1100605865,26881862
072470,5760,108791084160,225551,1309593650,18887341
019175,49450,108790000000,125595,5999151800,2200000
195500,10100,108756800000,3266422,33200912590,10768000
007720,1075,108360483750,197835,216570690,100800450
011810,5480,108103422960,31264,173038600,19726902
014530,3090,107746507800,191159,594089660,34869420
005710,5340,107000784000,61935,330481270,20037600
004560,7090,106908769990,81491,577234310,15078811
140610,12400,106857372000,7274,89964400,8617530
246710,12750,106725660000,1555446,20844145910,8370640
185490,9280,106613790400,193227,1794063900,11488555
037270,1830,106452388320,434382,788708500,58170704
024060,7090,106350000000,173754,1239210340,15000000
065150,1315,106263055205,0,0,80808407
033540,6250,106148062500,394260,2444845070,16983690
299910,13150,106142697200,182736,2427774250,8071688
034590,24250,106087784500,3845,93295250,4374754
017900,1830,106037086290,90751,164085150,57943763
054450,7850,106021401350,107634,850758580,13505911
066620,14100,105750000000,22372,317028900,7500000
198080,4910,105737758350,316062,1567742115,21535185
023450,29250,105592500000,1241,36280800,3610000
006380,2635,105400000000,265877,709528150,40000000
046940,5830,105373460500,152578,902406670,18074350
020710,5250,105251842500,21483,111477480,20047970
000230,9120,105248448000,7499,68862800,11540400
104460,9800,104993525000,72460,721274070,10713625
003100,15900,104940000000,9274,147190000,6600000
306620,2915,104733501400,665751,1952149685,35929160
138360,4480,104661688320,0,0,23361984
087260,3485,104550000000,2279069,7800544360,30000000
057680,2580,104476467900,1039889,2618564915,40494755
068330,2360,104350090400,1318915,3083247425,44216140
013870,5470,104325371600,2077186,11181952090,19072280
004270,2880,104291020800,1017886,2938096390,36212160
318010,13150,104270794700,58947,770672250,7929338
042040,1000,104202186000,14156750,14654647565,104202186
130660,3190,103994000000,16049,51291885,32600000
010960,4155,103875000000,102752,431357885,25000000
041930,6570,103806000000,7994124,53305557890,15800000
341310,5990,103587466000,28,168060,17293400
013520,1600,103297936000,138563,222161030,64561210
006220,3215,103294008410,23364,74973440,32128774
200470,5880,103215638400,323892,1924275610,17553680
118000,2870,103042479610,1748060,5006987355,35903303
000180,1470,102534852000,88898,130048415,69751600
012800,1125,102533061375,879034,994818315,91140499
045660,12400,102424000000,283111,3507657950,8260000
251630,6800,102343944000,39737,269387060,15050580
078140,9220,102218258380,126026,1152022210,11086579
289010,7940,102140453780,149251,1197518200,12864037
950140,5140,102120831240,99957,508900660,19867866
156100,8260,101997172760,609869,5019221790,12348326
049480,3245,101965632835,1341198,4296262185,31422383
198440,3185,101856172600,663075,2144774175,31979960
023770,11950,101777540550,138188,1655012850,8516949
001045,45000,101710035000,20742,941515550,2260223
009300,15950,101601500000,17337,278987950,6370000
259630,19600,101600774800,68909,1351078300,5183713
120240,14300,101535591300,94022,1358732200,7100391
003650,58300,101422877600,478,27981700,1739672
038340,3055,101167611155,495896,1561591335,33115421
267290,17150,101106212900,15197,263926000,5895406
064820,3525,101033479500,1276037,4509988430,28661980
225330,5420,100999683760,104723,567460920,18634628
073570,1385,100958412985,941269,1321594565,72894161
066590,4030,100727041090,1167186,4715148905,24994303
141000,8310,100673240100,56347,473610980,12114710
069540,5420,100561449660,0,0,18553773
001290,1045,100433316665,164918,175377435,96108437
065710,19500,100425000000,8266,160647750,5150000
007680,8660,100348875800,17868,155588610,11587630
013990,3050,100306984800,138455,419725000,32887536
003480,3385,99958413620,53076,178908045,29529812
015710,5690,99748545000,78485,434395760,17530500
062970,10700,99597579500,662250,6835493800,9308185
007980,1995,99573925290,543898,1094807395,49911742
047770,2630,99526043260,4451151,12346813115,37842602
005320,2675,99476666825,1489117,4125019510,37187539
000890,780,99410510940,911055,715743031,127449373
033340,1990,99317365760,1567388,3144969255,49908224
052790,8760,99256388880,71909,625632330,11330638
327610,17950,98848765250,4860,86903950,5506895
226360,3360,98622804000,208482,694640605,29352025
036560,6260,98595000000,31663,198149830,15750000
038680,6130,98541067950,84323,520926230,16075215
013570,3730,98172231090,116869,437220215,26319633
257370,15400,98098000000,239543,3692612150,6370000
122350,2840,98085304360,63355132,191881373760,34537079
051490,6900,97980000000,2255186,15236414480,14200000
012160,1140,97842220260,325437,372730550,85826509
071460,2720,97831042400,116862,320104620,35967295
001260,9950,97794679450,32372,323572320,9828611
086080,4200,97714507800,78699,321951970,23265359
103590,2635,97706827650,48554,128583590,37080390
005360,5170,97699077190,33733956,184435057540,18897307
194370,7320,97616599320,30698,225851440,13335601
011370,966,97464439590,278767,269717043,100894865
036260,2220,97187539620,0,0,43778171
019550,599,97077878425,509641,306506196,162066575
079960,12350,97071000000,73582,913864450,7860000
182690,4585,97033033580,577444,2623695500,21163148
039830,9000,96866010000,43471,393593950,10762890
065350,4000,96708404000,10826747,43772365410,24177101
002300,19300,96595515700,36754,710334900,5004949
000860,14850,96525000000,10451,154983650,6500000
011785,31900,96449203400,31805,1022935500,3023486
089890,5720,96393222640,60280,339394730,16851962
900290,1430,96346250000,292578,421404190,67375000
010600,2240,96342637440,210026,471882705,43010106
242040,3300,96154806000,411094,1363900030,29137820
180060,11850,96063992100,221,2593650,8106666
225190,9520,96056800000,38008,361855610,10090000
016600,571,95871998033,959841,556869795,167901923
217600,1500,95792010000,1549573,2302972995,63861340
035610,3500,95710989500,69101,243531565,27345997
084730,9170,95603503940,208214,1909016950,10425682
054210,4250,95530883750,186263,795318140,22477855
092220,818,95466276920,1287414,1067595819,116706940
013310,2605,95362334310,6403309,16571607215,36607422
066980,600,95050968600,1031821,623707081,158418281
006980,3070,94863000000,2102984,6731224325,30900000
263800,6000,94851480000,1544343,8968159390,15808580
089140,8000,94772160000,51473,410998100,11846520
050120,1140,94720610700,5667715,6467566635,83088255
003080,4720,94494400000,82334,382649910,20020000
060560,1110,94475448870,105186,115975950,85113017
011330,1395,94402833390,302672,425948885,67672282
134790,47200,94400000000,7735,368141450,2000000
285490,18800,94307154400,1459708,30495380050,5016338
900250,1390,94219554280,904731,1265104705,67783852
014580,3415,94196286500,129346,443870685,27583100
069110,5030,94046719830,37277,186035880,18697161
067830,2290,93983649550,21694,49166690,41040895
026150,6010,93910613260,239102,1448677810,15625726
297090,9920,93857088000,486088,4691901490,9461400
217480,4185,93807051210,114154,476344875,22415066
137940,1215,93696150195,422503,522148890,77116173
002140,3750,93522843750,1438062,5497473295,24939425
204620,2510,93508087180,85805,214128745,37254218
069510,8570,93498700000,15187,129624060,10910000
012200,2860,93236000000,113027,323691450,32600000
065560,5500,93230126000,0,0,16950932
000650,65200,93185144000,19799,1292415200,1429220
045060,5480,92842017520,923840,5103633120,16941974
040420,5920,92811107840,46374,275759810,15677552
093190,4820,92731522100,5558,26759465,19238905
094860,1830,92675948850,981337,1826849080,50642595
004720,6740,92379949760,624138,4300182440,13706224
008290,2270,92374651330,123941,282062550,40693679
263770,3890,92193669080,601235,2369557995,23700172
100220,7090,92146893690,43884,309871340,12996741
194480,8210,91987877700,6382,52045710,11204370
200880,3400,91896685800,229424,794890150,27028437
038460,4585,91766913490,96068,442847465,20014594
019440,10700,91699000000,5761,61945100,8570000
002600,152500,91500000000,1945,302359500,600000
030790,7650,91011851100,210666,1601300570,11896974
109610,3630,90864279660,42023,152210640,25031482
053280,5280,90816000000,9626,51183730,17200000
002360,817,90796257410,637777,524005955,111133730
001470,660,90780602880,385388,255228649,137546368
290740,9000,90585099000,73427,662487070,10065011
28513K,62100,90583407000,234219,14292704300,1458670
290550,11000,90544663000,142350,1590374900,8231333
001750,7100,90372591400,26825,191840720,12728534
043340,1255,90360000000,238436,302601735,72000000
122640,6260,90276392740,33411,208096920,14421149
043200,2330,89952912000,503366,1175963235,38606400
073110,10100,89847125500,100698,1011565910,8895755
056360,9160,89738688000,167206,1554752880,9796800
004450,41600,89622166400,6437,263049300,2154379
008250,8180,89592554300,268089,2168707920,10952635
014200,1685,89173964290,135533,229947510,52922234
170790,13000,89132290000,122349,1557537500,6856330
049520,4085,88991463560,44791,184016345,21784936
057540,2095,88849195115,647016,1344419250,42410117
022220,1715,88827702985,226770,395709715,51794579
060370,4055,88804500000,165943,672681780,21900000
005190,16600,88570362400,19121,315613250,5335564
094170,5610,88407271920,403458,2300860770,15758872
079190,2780,88360067660,0,0,31784197
101360,12800,88272640000,13796,174114300,6896300
111870,1360,88245865760,668821,917336185,64886666
080220,2835,88239545100,147195,417282015,31125060
054920,3120,88037292720,440337,1378472665,28217081
085310,1100,87981687200,3127317,3427601305,79983352
114450,5860,87900000000,159055,941516570,15000000
017550,1625,87725889875,1120089,1873776920,53985163
016880,1105,87713054650,114224,124600155,79378330
000220,13750,87568071250,309815,4244153100,6368587
002070,1275,87566298750,10839388,14140615650,68679450
025620,2580,87473754480,184305,474477110,33904556
044960,6910,87355411530,669802,4648696150,12641883
00499K,88400,87305873200,1421579,134812016000,987623
053350,4410,87277939560,42397,187628470,19790916
058630,4465,87263410805,5524498,24866291485,19543877
038070,10900,87207368400,298610,3290315200,8000676
004080,9070,87072000000,2182,19643970,9600000
004870,1135,87032770425,171089,194803095,76680855
227840,9550,86912983800,30970,294381610,9100836
253590,2315,86896738220,233083,539043255,37536388
088910,3360,86794727040,319169,1081351650,25831764
078890,5750,86677184750,93852,541128610,15074293
094940,13150,86450756300,296904,3986884950,6574202
092440,2960,86432000000,54037,160993165,29200000
115440,9450,86344120800,135708,1300736300,9136944
009440,3825,85813798500,65536,252011175,22434980
083420,3575,85800000000,53058,189716810,24000000
007590,6300,85790735100,16463,103370910,13617577
303030,2415,85401244110,343393,837931760,35362834
056080,2270,85152585040,96493,219892160,37512152
338100,4560,85089600000,29188,133623705,18660000
038870,7310,84876366140,1386209,10145613280,11610994
031820,1250,84814332500,1156446,1513730955,67851466
016790,13750,84569182500,1070600,16065322850,6150486
171010,7280,84498727040,439642,3249710050,11606968
092870,9000,84423537000,162958,1472140050,9380393
001840,4260,84372537600,129040,555455380,19805760
006050,2415,84272011845,791269,1936023865,34895243
066130,6580,84224000000,221817,1457502860,12800000
274090,9300,83791437600,138986,1301283200,9009832
084670,28900,83681944100,19879,571294900,2895569
026940,4175,83500000000,204374,843447685,20000000
009200,2005,83426666550,90834,184192410,41609310
052860,4735,83403729440,493430,2399955810,17614304
043090,2735,83376619955,272661,755707420,30485053
079810,6600,83179456800,594474,3899676080,12602948
035000,5020,83168393180,10623,53727830,16567409
117670,4445,83149979115,615386,2815352965,18706407
003547,8300,83000000000,28025,233461310,10000000
044480,6080,82991653440,486453,2856466350,13649943
173940,5760,82741708800,22570,129990450,14364880
015540,8130,82733928750,1056207,8479689520,10176375
065510,6960,82704782160,44691,315374280,11882871
900310,1530,82620000000,141865,217674720,54000000
094360,8560,82521096400,241404,2102500930,9640315
006910,1790,82470775610,872731,1579434745,46073059
095270,7470,82226876580,56492,428215260,11007614
238200,20100,82209000000,15513,312610900,4090000
005800,91300,82170000000,427,38546600,900000
256150,20400,82028400000,59181,1221749400,4021000
002410,3300,81944979600,956685,3199579940,24831812
032560,5850,81900000000,38402,226233810,14000000
042940,1845,81639467730,1502505,2830938080,44249034
034300,20400,81600000000,9495,196305750,4000000
008600,1260,81546296580,376950,475346080,64719283
002230,4145,81529012235,39527,166152090,19669243
010100,2675,81454873500,1279500,3462111085,30450420
114810,6070,81434628330,71260,437341360,13415919
215380,7300,81411658600,372683,2729126330,11152282
089230,654,81323707104,1064623,696674314,124348176
033230,3910,81296348550,310512,1219805340,20791905
101330,3390,81218257320,530268,1815296110,23958188
192250,1255,81162427535,1286950,1625524425,64671257
102210,1100,81066045500,0,0,73696405
017040,1870,81041340050,212115,397705985,43337615
025750,1005,80967974745,1093294,1095080455,80565149
021820,8090,80900000000,0,0,10000000
008800,1770,80762168880,0,0,45628344
020760,2850,80696154000,132976,384204040,28314440
023000,2015,80600000000,23976,47993380,40000000
000910,5160,80555954040,12361845,70980766980,15611619
004780,5050,80311154950,239324,1173519270,15903199
104540,7570,80146171370,56156,422801000,10587341
193250,1480,80137907800,193371,285859840,54147235
234100,3425,80082915025,3894308,13569137340,23381873
095910,5990,80052282790,4009906,24297695120,13364321
014280,3270,79859021130,50965,167255715,24421719
010040,3490,79794075680,1230570,4436481240,22863632
051380,10400,79752774400,1415353,14183874770,7668536
133750,3450,79684915650,419590,1440307090,23097077
111110,9960,79680000000,5559,55116040,8000000
142210,6720,79642960320,170648,1155385850,11851631
058430,13200,79200000000,88123,1162360700,6000000
016740,2925,79170039000,671223,1935433450,27066680
083640,931,79038269100,1355317,1278019204,84896100
071670,7900,79000000000,262500,2039278770,10000000
065620,3190,78982709300,0,0,24759470
038060,1655,78974531250,196679,326159725,47718750
049720,5520,78936000000,39685,218852430,14300000
033100,4910,78866428190,170506,848671200,16062409
267790,10000,78855000000,92186,932187220,7885500
308100,11950,78830565000,79200,958018550,6596700
002200,19700,78800000000,5132,101333000,4000000
033830,786,78600000000,561355,449754556,100000000
053620,9130,78518000000,9713,88542230,8600000
053690,7160,78456058000,19832,142843230,10957550
214680,1515,78450249645,607710,915662785,51782343
220260,2980,78442709860,408477,1208562495,26323057
067370,10200,78239508000,15169,154650080,7670540
222420,1945,78107650375,39954528,83818720785,40158175
056700,2665,77645017515,426714,1148301060,29135091
032680,2310,77560100310,686020,1560550600,33575801
322180,14250,77430937500,57221,815050600,5433750
000157,86400,77158483200,151822,11729595400,893038
009310,1400,77155195600,303799,423686055,55110854
095500,3185,77086274720,14434214,53196522435,24202912
006090,8170,76983777630,47484,389714330,9422739
133820,2605,76977750000,1181014,3056462810,29550000
032820,740,76964354160,777870,578209431,104005884
006580,2865,76925250000,51009,146638430,26850000
024120,6680,76820000000,23703,156576240,11500000
040160,6370,76793757950,80910,509766130,12055535
018680,9040,76708910960,148544,1357827730,8485499
021080,1595,76560000000,250392,400525585,48000000
047920,5450,76533652400,204225,1119268160,14042872
007370,6370,76440000000,900768,5599385480,12000000
015230,26750,76430715250,17418,463064000,2857223
058850,1790,76406150000,148164,263778800,42685000
131090,1910,76400000000,2828802,5315872750,40000000
294630,3750,76369350000,229437,859373015,20365160
123010,2020,76124635260,834990,1687870185,37685463
009780,4320,76032000000,32654,141265510,17600000
040300,1810,76020000000,7910342,15599828770,42000000
043910,1430,76003580510,929823,1329525795,53149357
109860,10850,75950000000,2943,32007500,7000000
012280,1670,75903180020,839768,1410884015,45451006
303360,15000,75733455000,62,935500,5048897
012860,1455,75660000000,3001100,4369826025,52000000
105740,8950,75626712400,1331185,11825503750,8449912
101240,7430,75326707120,76824,567448390,10138184
001550,14500,75287465500,39449,576244100,5192239
081150,3100,75232046200,32481994,110403794570,24268402
005750,4500,75025080000,117682,528496330,16672240
083500,9420,74838499380,702252,6550559724,7944639
010660,3400,74800000000,799607,2759648260,22000000
000300,677,74791098392,1166368,801802256,110474296
123570,3350,74624861300,198130,654490300,22276078
016090,1685,74615692350,87709,148631315,44282310
106190,10500,74432211000,33043,352811350,7088782
004440,5840,74354570480,21145,124109560,12731947
104200,5010,74286025500,75175,366680810,14827550
024740,2485,74279950080,16918294,44215891595,29891328
004910,5800,74240000000,8252,47919010,12800000
255220,2020,74174454540,76533,153201200,36720027
900100,717,74162628276,0,0,103434628
064520,1005,74054909385,0,0,73686477
222110,7670,73952460270,28737,218877330,9641781
032790,4075,73910797425,0,0,18137619
119850,4530,73820100840,269145,1240413705,16295828
058860,2110,73432220000,77382,162517040,34802000
006740,3305,73371000000,26755,89017230,22200000
078860,1445,73334533190,93421,133107100,50750542
300080,14050,73197844550,340040,4845022550,5209811
071280,4780,73117762340,91466,440120715,15296603
033130,1970,73117075990,3515568,7217879555,37115267
140070,1975,73051300000,113409,227115650,36988000
048430,6340,73036800000,78394,486705710,11520000
115160,3050,72930983900,151459,465849955,23911798
226340,2375,72911540500,349202,841885945,30699596
088130,6830,72827866540,23657,160287900,10662938
140670,8000,72825120000,106231,843472960,9103140
002880,680,72702871160,206556,139633004,106915987
001140,1950,72661432350,773441,1516473105,37262273
033200,5070,72659107950,455,2307580,14331185
037330,1655,72630045720,168840,277844725,43885224
058730,4715,72611000000,34906,167150055,15400000
123410,2605,72525971720,355450,931750600,27841064
048910,5760,72454728960,90543,532935620,12578946
025440,727,72453796361,759659,558617498,99661343
000590,62700,72386021400,16442,1054539600,1154482
042500,4755,72356254890,182481,878477165,15216878
119650,5560,72280000000,1290427,7379425390,13000000
094820,4780,72076229020,26612,127318310,15078709
017650,1600,72000000000,0,0,45000000
900340,1500,71960142000,1775915,2714285705,47973428
065940,1635,71919049110,0,0,43987186
049430,7940,71841120000,6118,48057490,9048000
063440,1595,71821500630,572224,935762445,45029154
250930,2175,71775957000,451207,993679050,33000440
011500,4590,71774022780,17819,82010920,15637042
267320,1930,71654249220,200997,390373300,37126554
217330,12700,71550072800,240195,2956861600,5633864
33626L,23900,71372570000,883458,19544075550,2986300
011690,1220,71362925220,0,0,58494201
131760,1660,71253944580,722384,1203527045,42924063
047080,2875,71242028500,346205,979380965,24779836
010690,2035,71063034350,53533,107436790,34920410
044380,1300,70995715700,606344,796569695,54612089
005110,2040,70972148760,843024,1739384915,34790269
317120,7510,70860605000,431855,3211618090,9435500
216400,10250,70783179000,13745,139729150,6905676
170920,9400,70687464200,15139,142981810,7519943
066360,2535,70656455415,5504020,13705257700,27872369
250060,2195,70616034230,230132,508449555,32171314
264660,8400,70606032000,266853,2228924530,8405480
189980,1920,70476393600,314978,606445955,36706455
006890,6070,70412000000,84125,513079110,11600000
005860,1785,70335577725,1979316,3607484290,39403685
090080,1280,70274891520,861512,1105496250,54902259
052460,4805,70191132480,1099939,5251263740,14607936
088390,7490,70037821560,42574,318087460,9350844
003610,1650,69818248500,44845,73606880,42314090
091340,5950,69637139950,62922,377927180,11703721
054090,2790,69636257280,10173187,28845574805,24959232
170030,4535,69566900000,259367,1173166485,15340000
019660,2390,69508695040,62159,147275140,29083136
000500,16700,69477794900,1933,32094750,4160347
019010,1440,69408000000,53107,76578910,48200000
094850,4955,69370000000,71555,354730595,14000000
004830,4420,69305600000,4692741,21457016845,15680000
072990,10000,69276000000,56442,565166110,6927600
241840,7430,69234523200,405644,3126351870,9318240
006140,4615,69225000000,22773,104001870,15000000
027830,1730,69200000000,182286,316487155,40000000
217820,7060,69188000000,155134,1105462660,9800000
053700,4120,69141951240,195556,807894680,16782027
196490,1190,69064917740,981026,1155158115,58037746
000105,58300,68848802000,29876,1751633500,1180940
063170,4065,68769637500,64105,259067850,16917500
043650,3840,68575887360,53004,199959590,17858304
000850,31150,68530000000,3229,100777400,2200000
277070,5070,68445000000,176488,871163390,13500000
33637L,41450,68228772500,133409,5567969000,1646050
225430,3190,68224689500,448647,1427842875,21387050
103840,5300,68147400000,658736,3484005610,12858000
024890,1650,68061100800,1040282,1800031975,41249152
065370,15450,68035789950,69109,1055607500,4403611
219420,6800,68000000000,55366,376326720,10000000
041520,5560,67769338800,278964,1550547190,12188730
177830,5540,67704982640,1249852,7040347380,12221116
090710,815,67685052360,3453793,2842466405,83049144
090370,1200,67678760400,307038,372596090,56398967
206400,812,67651467380,1399059,1157914559,83314615
327260,18800,67615854400,26059,495132950,3596588
246250,9900,67598219700,125,1243350,6828103
004590,4500,67500000000,43910,202569440,15000000
105840,3340,67475461560,109522,360350350,20202234
025550,2750,67436198500,92967,255664295,24522254
056730,1460,67399247280,0,0,46163868
225220,20750,67262868000,12249,249570300,3241584
119830,6170,67225321380,85969,526075080,10895514
108860,3040,67050072800,232548,717188780,22055945
032800,922,67033035446,10704540,10749325878,72703943
092460,5700,66946374600,62654,356205470,11744978
089150,3900,66885000000,5281028,21114603890,17150000
012320,28250,66811899750,13515,382860750,2365023
039020,2955,66737815095,352843,1037072870,22584709
025560,79,66614253600,0,0,843218400
023800,4390,66552961920,393452,1712528085,15160128
221610,471,66542067525,4453435,2107812072,141278275
290120,6070,66065880000,50545,304728710,10884000
075180,3435,65952000000,20828,70400260,19200000
006340,968,65927741528,277905,271706216,68107171
115480,2930,65860393500,942073,2760571330,22477950
041020,1750,65560530000,368671,643889350,37463160
031860,1695,65482307850,451878,778332670,38632630
002630,643,65456754428,468150,303296629,101798996
009770,26150,65374241650,342,8948550,2499971
086670,8020,65335162580,67101,543653570,8146529
208860,6500,65302666000,351911,2258095150,10046564
003010,5130,65216392110,4177247,22796253375,12712747
001000,2685,65185194900,3878319,9999720315,24277540
187220,5950,65161466650,66199,396394690,10951507
221840,3680,65121894560,20461,75662555,17696167
222980,6320,65101542640,127251,792130600,10300877
004140,1945,65090568660,781282,1504164645,33465588
215790,1615,65057285635,919442,1496736775,40283149
047560,6570,65039058000,25426,165511410,9899400
002920,2500,64868750000,36704,92277910,25947500
196450,450,64800436050,7613141,3493210229,144000969
036170,1655,64737128950,435114,733315050,39116090
307180,3080,64671600840,4099169,12019374465,20997273
126600,3060,64613840040,114692,355451480,21115634
003680,10400,64578956000,2560889,24865609850,6209515
067570,2180,64510091300,112342,249849470,29591785
066670,3445,64393657510,32039,109259085,18691918
293580,6790,64369200000,203382,1344877770,9480000
014710,3725,64139072675,100098,374804285,17218543
150840,2375,64115034500,1254648,2959879765,26995804
092780,4865,64064557900,355925,1735318615,13168460
127120,4820,63953577140,134215,642204060,13268377
024880,3665,63951893405,47278,173390235,17449357
217500,2010,63942120000,350683,697739825,31812000
078350,5660,63915012300,41245,234699870,11292405
004090,97500,63882000000,8169,807620400,655200
071970,2250,63823446000,84423,191508585,28365976
072770,1740,63817854720,1278349,2230970860,36676928
009070,2125,63750000000,111896,240005140,30000000
286750,13900,63385431700,32790,461202500,4560103
186230,13100,63323710100,82544,1098924900,4833871
011090,1055,63291181255,418142,439911565,59991641
203400,5100,63285777600,17965,90156970,12408976
149980,4475,63097477625,48582,218973510,14099995
220100,10850,63067643100,85803,969508050,5812686
006570,4140,63031500000,4461,18713330,15225000
196300,12550,62952870750,234619,2847188900,5016165
037760,1860,62929233060,92981,170517475,33832921
073070,528,62914539072,2236795,1192436317,119156324
238120,17450,62727933800,32773,577393000,3594724
224060,307,62724057230,4828996,1477583058,204312890
069410,9090,62713973430,39483,359316070,6899227
018620,2395,62680673045,445885,1066092030,26171471
059210,2625,62638671375,232727,619574775,23862351
041440,3495,62616224280,33885,117945285,17915944
046120,2630,62569206990,118949,313216640,23790573
263920,4555,62509048460,0,0,13723172
032980,1055,62448855540,290048,308927680,59193228
018700,2115,62332195005,375890,801923895,29471487
008870,62300,62300000000,20058,1264596600,1000000
052220,2700,62100000000,6430107,16669892505,23000000
066900,2730,62092493190,211673,585237670,22744503
189690,7870,62018142010,92851,733353440,7880323
234300,5180,61751712400,150865,804094680,11921180
313760,12700,61747400000,92653,1173022950,4862000
131100,2105,61611421820,509751,1077022960,29269084
155660,3850,61600000000,47922,185306790,16000000
031310,3900,61513038600,247954,966337680,15772574
001560,6150,61500000000,14562,89418390,10000000
124560,3470,61245500000,51637,180276145,17650000
126870,2700,61185909600,891686,2399697030,22661448
057880,1260,61140609180,568304,718068040,48524293
115570,8510,61098370470,807149,6598734100,7179597
092200,1570,61055053330,140584,223395425,38888569
083650,2345,60970000000,66498,155362150,26000000
045510,1890,60875561880,11503,21656610,32209292
089790,5900,60861526700,211408,1239145300,10315513
073010,1680,60802991760,407630,682913705,36192257
036640,3715,60758082000,1020179,3733277295,16354800
174880,1455,60684331020,375682,551300710,41707444
265560,11350,60666771500,1196950,14168665300,5345090
049080,1160,60640299200,342798,398502885,52276120
205500,1465,60552324925,81322,119111505,41332645
104620,12700,60523755000,19466,249745300,4765650
037030,4465,60503500440,201923,902505315,13550616
096040,173,60480583404,3044299,531644253,349598748
219750,4910,60472866060,136582,671495350,12316266
037370,8050,60375000000,131595,1062828000,7500000
111820,2465,60317310105,0,0,24469497
044060,6100,60302501600,33470,204969970,9885656
220180,3105,60237000000,65251,206360445,19400000
046070,1540,60158954240,13104355,23248586375,39064256
053450,5090,60078700290,96788,489125470,11803281
900270,749,59920000000,9633625,7415370212,80000000
046390,1385,59794512205,306550,426799430,43172933
230980,4000,59744688000,814207,3330826710,14936172
178780,2360,59504223440,575644,1338846460,25213654
097800,1580,59360727980,266547,422735900,37570081
000040,647,59304678646,536223,351819237,91661018
033170,690,59152540110,414703,283923239,85728319
032940,3250,59127997500,67530,214585740,18193230
219550,1040,59104520800,2033248,2090132770,56831270
039290,6760,58771291280,111383,755581720,8693978
071850,3545,58737771460,340771,1201481030,16569188
101000,927,58698198981,450772,413401157,63320603
062860,5940,58643956800,30094,177592770,9872720
218150,3140,58628283920,3873653,12982934880,18671428
001080,14100,58515000000,7171,103020300,4150000
036710,1530,58491265050,70537,109012240,38229585
093520,3615,58429577580,28333,101610730,16163092
099440,2000,58339642000,9495012,20958328540,29169821
317830,7160,58323212000,1492266,11217316550,8145700
016100,3205,58290661870,47941,154616095,18187414
009180,2120,58252141000,35954271,72138953675,27477425
096350,360,58243905720,3850820,1398646876,161788627
217950,14350,58108760850,634,9106300,4049391
006805,4125,58062468750,136889,566342870,14075750
042110,1200,57995476800,181618,217823925,48329564
064850,5270,57970000000,1009,5095860,11000000
036620,954,57773741058,1350312,1271303024,60559477
101730,6780,57665486520,52386,354781380,8505234
090410,1315,57629952585,358265,476411980,43825059
017510,3770,57477420000,96955,368258575,15246000
100030,17500,57464995000,18137,316594900,3283714
066410,1815,57412225200,376584,679572225,31632080
115310,17950,57312249850,1636,29286850,3192883
024800,2100,57148518000,50203,106845045,27213580
037350,3690,57084300000,122734,453713080,15470000
051780,718,56975759150,251236,175083980,79353425
143540,1665,56832568875,456638,756902510,34133675
014940,1245,56739207945,549892,678430910,45573661
052300,244,56710014692,1329098,328323192,232418093
041590,770,56672838530,610433,470271431,73601089
039010,6570,56666250000,25381,165037470,8625000
010280,1400,56649647600,139416,192356780,40464034
900300,994,56583450000,856867,856449314,56925000
115500,4710,56520000000,87786,418576130,12000000
147760,5220,56479700520,990071,5009311220,10819866
027040,811,56436554917,122406,99560147,69588847
080010,6250,56343750000,3540,22202420,9015000
069460,2070,56169116730,201804,423030765,27134839
053260,3000,56160000000,12052,36464400,18720000
008260,1960,56056229320,108459,213047595,28600117
246690,2380,55808712820,111156,268627520,23449039
233250,31950,55801761300,0,0,1746534
023440,1885,55593160805,54117,101939465,29492393
013700,1230,55537304400,559130,695525810,45152280
171090,6170,55525650150,47322,294355530,8999295
014440,2770,55400000000,36544,101635985,20000000
076610,1770,55383951360,998389,1754705740,31290368
036480,14550,55290000000,61421,902186700,3800000
027970,1870,55282804390,61820,115512825,29562997
100660,4385,55251000000,168894,753115380,12600000
250000,8160,55085981280,26864,220192220,6750733
023460,1480,55056000000,67948,101059600,37200000
014190,1555,55046853830,214382,330891690,35399906
017370,3005,55033732270,110713,327594240,18314054
039670,917,54949071884,0,0,59922652
048770,4075,54932124700,1947698,7870598995,13480276
038530,1230,54905222160,2662776,3312301900,44638392
069730,3810,54864000000,58373,222690310,14400000
258610,4670,54801511330,283625,1331879235,11734799
001380,1215,54631433745,244933,301043720,44964143
037230,2180,54500000000,285350,629213640,25000000
017480,3470,54489028300,27252,94606685,15702890
900260,384,54444000000,1365599,529313404,141781250
011560,5160,54334800000,32365,167086500,10530000
038950,5320,54321269800,101483,537064870,10210765
241520,2980,54293761340,334426,994345970,18219383
049630,741,54283355490,442171,326420570,73256890
043290,1455,54069678405,132691,195500450,37161291
106520,591,54054406647,1831539,1057769179,91462617
092600,2580,54044550000,267971,680411010,20947500
004410,160,53985600000,4101723,660428398,337410000
039610,5180,53925872000,72242,377528180,10410400
033250,2245,53880000000,394258,880872080,24000000
014130,4475,53700000000,112910,504164750,12000000
007120,414,53606437272,3660743,1535191769,129484148
065570,6090,53592000000,23300,143067560,8800000
078935,29950,53455538700,18710,563894200,1784826
019685,2750,53424222500,201044,555825235,19426990
049830,8710,53410695520,26093,230106520,6132112
001275,17700,53100000000,2249,39645450,3000000
023150,7180,52977816680,40632,292993940,7378526
068050,3850,52910538450,23432,91293990,13742997
036010,3980,52905877320,41833,165856340,13292934
311390,7230,52807883850,61194,443710000,7303995
052900,1125,52746186375,502773,572397830,46885499
010470,4505,52726745250,131039,597580595,11704050
246960,10450,52711722800,51203,528160250,5044184
039420,2175,52536537750,187104,408647180,24154730
036000,2280,52518151560,157644,365558160,23034277
041650,2445,52497695250,69136,169925550,21471450
024830,6280,52438000000,0,0,8350000
005305,67600,52410956000,73434,4897989700,775310
097870,6160,52298400000,35577,221330890,8490000
290660,4355,52286325975,90136,397161825,12006045
168330,2525,52181200550,0,0,20665822
012340,1735,52127210970,453957,785432085,30044502
032750,8660,51960000000,34443,300554960,6000000
050860,2965,51887500000,109218,323470245,17500000
008420,2530,51873867650,176155,444400590,20503505
019590,862,51842559160,505020,440496517,60142180
226440,1275,51751998825,1085372,1362721365,40589803
000440,8310,51747450300,22708,190809540,6227130
036090,616,51739679376,231417,144710774,83992986
318000,6360,51705687000,100552,649556350,8129825
016670,1195,51694975830,1704096,2065170515,43259394
021040,707,51690767982,232987,165297213,73112826
006660,6360,51683357040,3156,20256470,8126314
037440,3705,51582769875,13282,48967870,13922475
080470,7050,51465000000,320224,2254070340,7300000
046110,4300,51403176100,70444,302132430,11954227
008775,68200,51278147800,105803,7128197200,751879
204020,2545,51275209350,95563,243491025,20147430
094840,4895,51259656800,24736,121320790,10471840
258830,7540,51104167140,20622,157645820,6777741
005010,6700,51065175600,8340,55820430,7621668
036690,3405,51046966635,71152,242770455,14991767
005670,5100,51000000000,70814,363531180,10000000
013360,942,50891436960,153003,145786965,54024880
079650,2540,50800000000,74182,186514230,20000000
208370,2330,50515714120,101378,239473060,21680564
115530,839,50419474275,0,0,60094725
067920,4585,50417205615,16540,76656905,10996119
086060,5850,50371933950,597794,3562042820,8610587
010240,4085,50338213160,49030,200520430,12322696
010145,437000,50187265000,253817,114394738500,114845
264850,1855,50181111260,117211,218780720,27051812
136510,8980,50141509260,58510,526298240,5583687
079970,1575,50092693875,304840,477212665,31804885
246720,4350,49948975050,72080,307946285,11482523
013000,1740,49946753940,403891,710996090,28705031
006370,4615,49941734765,56980,266969335,10821611
226400,5900,49904949400,638604,3667359240,8458466
014100,4195,49501000000,0,0,11800000
224110,9230,49288200000,91155,850999430,5340000
290270,5130,49287357360,107320,543256495,9607672
039980,1185,49225618110,300430,358623235,41540606
221980,12200,49224560000,45644,576851850,4034800
317870,6570,49180096350,397374,2605386320,7485555
106080,3330,49168439010,0,0,14765297
213090,8030,49149927640,6175,48380260,6120788
310200,1760,49134692640,1293295,2237967855,27917439
317770,16200,49118724000,18916,309103700,3032020
063760,9990,49055895000,56571,565358760,4910500
080520,4170,48983359530,28936,120733120,11746609
159910,352,48946562720,101051431,33715403515,139052735
053110,509,48837015874,899258,456475927,95946986
078650,1090,48696156570,316653,344871455,44675373
270520,1655,48631868825,273014,448152060,29384815
010400,6350,48399700000,101961,674864660,7622000
019540,3575,48310762500,1051998,3799496755,13513500
008370,4020,48240000000,23732,93856135,12000000
007630,1225,48156675700,0,0,39311572
009810,576,48141174528,485827,281425203,83578428
105330,8500,48121449500,17834,153094480,5661347
039310,2655,48113025885,65047,172780725,18121667
049550,3000,48059796000,19409,58357035,16019932
048470,4805,48050000000,64218,311867950,10000000
129260,1615,48042816510,62275,99416845,29747874
120115,17250,47745585000,25217,435368550,2767860
032580,1815,47734256790,8102933,16137756030,26299866
073540,4180,47652000000,61425,261611870,11400000
008110,4530,47521724910,127667,575176590,10490447
089850,6640,47248228080,101183,671937540,7115697
123750,3700,47161298900,186852,710484785,12746297
217620,1270,46992419350,61021,78160565,37001905
260870,9870,46957521870,5466,54539770,4757601
263860,4960,46845216000,23222,115451195,9444600
053290,2910,46769627670,91306,267552670,16072037
006880,3950,46723989100,185477,755410295,11828858
227610,4670,46700000000,17122,80784650,10000000
027580,999,46651299003,3383388,3475917665,46697997
128660,1880,46630333720,46586,88158605,24803369
272110,7380,46534088160,35756,262855770,6305432
025820,1390,46484380000,67168,93829785,33442000
007280,1435,46427258150,101963,146167425,32353490
277410,1750,46388739250,122454,215267310,26507851
234070,13100,46286570600,1,13100,3533326
228180,14100,46057227000,581,8051750,3266470
066910,1710,45992435310,328363,565090780,26896161
003465,2630,45962997750,26183,70138215,17476425
099410,3390,45903996780,804194,2815279110,13541002
046970,1665,45820100700,168312,280891965,27519580
082850,1020,45816235560,108703,112126330,44917878
070590,3300,45802419300,298188,959289430,13879521
215480,1115,45630736105,640932,721916855,40924427
208710,1580,45615164060,120543,187617465,28870357
234920,3370,45599166700,35643,119990700,13530910
219130,7220,45589173800,102792,731860340,6314290
101400,1640,45422391200,342763,579357635,27696580
114190,2500,45387277500,0,0,18154911
078940,1505,45378170040,249742,385933465,30151608
019180,2520,45360000000,135964,343878615,18000000
258790,1815,45359180460,68706,123926325,24991284
204840,1015,45354587845,642827,660566755,44684323
176750,5100,45179303700,4223,21961100,8858687
089530,510,45143064120,361868,181473613,88515812
050320,1010,45108377600,0,0,44661760
025950,5370,45108000000,35887,192039090,8400000
302920,9900,45068354100,110,1089000,4552359
251280,20000,45007200000,68,1342900,2250360
010770,3075,44973307950,136273,420819560,14625466
208140,2190,44960314560,219835,479478195,20529824
054540,3450,44850000000,158503,552097115,13000000
153490,897,44760300000,89765,80625337,49900000
002870,1280,44747136000,19903,25306895,34958700
117730,8020,44747020580,42061,341463880,5579429
006920,4095,44717400000,65008,267967745,10920000
147830,4470,44700000000,43992,197673095,10000000
131180,1520,44612000000,3960465,6398825670,29350000
080530,1970,44579681600,331493,665245875,22629280
049120,1690,44548305360,261260,444840125,26359944
035460,3045,44388000300,2143893,6755811550,14577340
059120,6370,44245478550,43464,278541820,6945915
002710,1920,44160000000,188188,359641550,23000000
109080,7820,44073520000,23712,186923960,5636000
091970,1710,43955770590,279723,483687675,25705129
002820,3480,43875801720,3166,10892965,12607989
105550,3640,43574662040,78198,281426855,11971061
060540,1665,43511954490,259691,434656990,26133306
900280,274,43505720000,950920,262139831,158780000
001810,1965,43500187500,39105,76695390,22137500
228340,2170,43400000000,27927,60882790,20000000
086250,1405,43288294470,0,0,30810174
051390,3800,43150398400,4084,15526730,11355368
150900,4295,43143511225,143649,610325975,10045055
006110,3920,43120000000,21992,86221055,11000000
046310,2680,43105481800,165045,446428585,16084135
001020,1225,43078693000,66893,83803810,35166280
020180,1120,43040384800,828630,935914655,38428915
131220,5770,43012407300,83801,484423900,7454490
317850,5150,42870763000,126938,665148700,8324420
023350,3915,42869250000,26822,105239120,10950000
065770,2275,42849966250,47262,107835395,18835150
092300,2800,42847075600,52182,145790225,15302527
003780,3295,42835000000,530102,1797294440,13000000
052600,3690,42670053000,1553471,5950881675,11563700
054940,1285,42628009180,1034402,1350650645,33173548
054930,14200,42600000000,19865,284943600,3000000
011700,1305,42342227055,215992,283090415,32446151
040610,1240,42268123040,54827,68760700,34087196
190650,6610,42224680000,146080,973042080,6388000
123700,2700,42133224600,7574,20558910,15604898
094970,2510,42038082400,124514,317360630,16748240
007610,2335,42030000000,83101,194945595,18000000
033050,1285,41864454470,398932,515812440,32579342
031510,1610,41860000000,91895,146045745,26000000
114630,3080,41807812200,109703,345349870,13573965
030720,8970,41744630850,56572,507246660,4653805
043710,1220,41656287560,62135,75700240,34144498
039240,1665,41625000000,50340,84397205,25000000
101930,4450,41526087250,87128,399030920,9331705
075130,4630,41484800000,18213,84562735,8960000
104040,1325,41474197325,567144,755502410,31301281
003310,1170,41409049500,335822,393245365,35392350
053050,1380,41382883860,76164,105092565,29987597
065420,639,41281932996,0,0,64603964
067010,3350,41184900000,208181,703728580,12294000
003720,1210,41140000000,64037,77317785,34000000
002680,1840,41030991680,64281,118599415,22299452
023810,4100,41000000000,17503,71539450,10000000
336040,17500,40984562500,129,2262000,2341975
060260,1225,40956343750,285318,349245010,33433750
263810,2875,40953564250,52683,153280555,14244718
030350,2555,40901694505,76596,196582375,16008491
004100,1110,40737000000,328385,366862660,36700000
050090,514,40677416188,389493,202750988,79138942
127160,659,40522122857,974029,644400510,61490323
075970,2200,40480000000,117230,259065105,18400000
096300,294,40477982034,53237,15481752,137680211
021650,2475,40467643425,80766,203089245,16350563
000760,14450,40460000000,14150,207059900,2800000
215090,1545,40393603215,13387118,23416999345,26144727
154030,4220,40219689040,72151,306670425,9530732
123840,624,40126929648,342074,211248667,64305977
017250,1905,40091614635,2095953,4194296520,21045467
208350,5150,40038844950,40183,207854910,7774533
155900,2630,39976010520,5222,13708580,15200004
050960,5910,39898410000,2976,17656040,6751000
150440,4170,39887768040,4163,17339430,9565412
000950,23700,39816000000,75128,1679356450,1680000
072130,3000,39586362000,54179,162797190,13195454
203450,2695,39559923865,82236,221769610,14679007
024840,1200,39541017600,138538,167768015,32950848
053270,1495,39459290130,640816,937248785,26394174
025530,2630,39276441040,8803,22989665,14934008
297570,2265,39251122710,12211921,27823694275,17329414
204990,1225,39130080675,0,0,31942923
056090,5030,39057416820,14870,74432445,7764894
032540,2800,39008505200,73280,203925415,13931609
085910,3540,38988420120,11759,41380100,11013678
066790,423,38895837705,0,0,91952335
278380,17950,38889752000,55,986950,2166560
054300,743,38872250224,303176,227124760,52317968
038620,999,38791941228,217785,218556039,38830772
044180,495,38784885480,0,0,78353304
079950,1670,38744000000,31945,54010865,23200000
126640,1065,38738189655,226257,241988625,36373887
096690,4860,38593823760,55409,275442135,7941116
119500,3235,38325795520,3189274,10638445215,11847232
091440,4170,38263398750,162392,661163035,9175875
045890,840,38143907760,1589310,1307263860,45409414
026040,2310,38123754900,23784,54813560,16503790
140520,1905,38100000000,26019,49237765,20000000
019570,489,37963260720,146367,72437776,77634480
237750,5840,37940144000,50529,296117780,6496600
138070,4225,37907473175,10088,42083210,8972183
269620,2105,37890000000,62972,131959675,18000000
054040,2355,37847887950,45339,106642400,16071290
223310,166,37836251184,0,0,227929224
060480,3410,37816900000,55406,189459625,11090000
065690,2705,37771291845,2556113,7064637785,13963509
054180,1170,37715735070,259579,305879375,32235671
187790,1460,37664868300,154190,224969850,25797855
232530,2600,37587076800,1101,2863190,14456568
260970,123200,37408694400,0,0,303642
025870,9340,37360000000,268476,2561443380,4000000
101170,2760,37260000000,34359,93739770,13500000
070300,5050,37198673700,121938,619646360,7366074
005820,16900,37180000000,5325,91738050,2200000
018470,529,37112288595,19459,10340601,70155555
012620,8430,37092000000,4235,35476360,4400000
042600,2980,37022250520,24145,72425720,12423574
069640,2850,36791567700,19581,56959350,12909322
007575,82500,36719100000,163613,13307424000,445080
064090,478,36520112502,262095,126376207,76401909
002220,1635,36497009550,23455,38153915,22322330
051630,3040,36480000000,582397,1810607860,12000000
284420,10000,36456900000,24,239010,3645690
141070,1150,36364207500,2010608,2422406400,31621050
065440,1330,36275776600,180490,241591575,27275020
044990,4800,36053107200,18694,87894580,7511064
081580,2320,35978891760,37004,86185380,15508143
054630,801,35897238729,364791,294822275,44815529
184230,978,35869160274,178805,174515142,36676033
127710,1405,35839771270,477658,687209590,25508734
263020,4610,35788361220,18761,86784620,7763202
084870,1715,35769444585,194637,349387395,20856819
064480,2990,35737975000,43985,132023405,11952500
189330,15900,35568618000,2000,31800000,2237020
232680,8200,35528181000,5099,42683670,4332705
130500,3225,35475000000,96434,312914835,11000000
222810,676,35237339592,0,0,52126242
067730,3765,35168571330,366369,1397862755,9340922
060300,610,35158995780,0,0,57637698
145270,760,35130336520,21830,16574696,46224127
071090,17500,34999020000,13163,232366600,1999944
079000,4855,34956000000,1735,8414915,7200000
000725,352500,34846740000,7450,2626125000,98856
043590,1490,34717000000,0,0,23300000
212560,4405,34689212015,106546,476502400,7874963
128540,2380,34649944000,33290,78192455,14558800
177350,3090,34584417120,145024,446506980,11192368
053160,5760,34560000000,7164,41530740,6000000
083470,1690,34517432040,0,0,20424516
254120,1700,34515909200,138649,234957745,20303476
008470,4105,34501704000,18407,75922500,8404800
045300,3655,34377475310,41210,147789440,9405602
009730,290,34330390530,4946095,1418773883,118380657
029480,551,34126342035,273428,154251835,61935285
024070,2225,34101324550,8927,19828700,15326438
024850,852,34094077596,133176,115067101,40016523
038010,3785,34065000000,141792,547485530,9000000
200350,8000,34037392000,2129,16837510,4254674
076080,1700,33966173400,47544,80704375,19980102
136660,3595,33950461000,11178,38831195,9443800
028080,2690,33833491140,6425,17140530,12577506
032960,9920,33800505280,53085,533654920,3407309
001210,3290,33777311400,37370,124507920,10266660
258250,8370,33767417430,53,424740,4034339
001620,511,33747498792,135065,69448316,66042072
019990,3450,33658503600,38965,134121005,9756088
139050,635,33561874075,1294173,809437056,52853345
032080,1560,33526005240,220064,341348165,21491029
038110,1305,33498527850,329181,432646890,25669370
007770,9490,33309900000,33276,319348310,3510000
122690,1700,33220118200,15076,25437145,19541246
275630,5730,33202834530,34153,193723770,5794561
093240,1065,33179859870,118489,124463880,31154798
016920,1455,33170566200,211950,311856030,22797640
065500,282,33054506484,296795,83924740,117214562
191410,3530,33051467660,25195,87326150,9363022
071950,1065,32916178650,129557,137526955,30907210
023960,1315,32896811905,21003,27528845,25016587
018500,700,32728453100,152888,107105431,46754933
049800,3255,32550000000,10860,34956300,10000000
052770,4460,32518212340,0,0,7291079
343090,5940,32422450500,292,1744330,5458325
096610,3970,32396256020,41058,161193920,8160266
021880,324,32135748192,990205,319587659,99184408
011420,1165,32095335260,142825,170984920,27549644
088790,2575,32052940800,46865,122239040,12447744
002290,2580,31992000000,84557,220174725,12400000
017000,3175,31965985725,25097,80644805,10068027
006125,23500,31923692500,100860,2368364950,1358455
024900,973,31685725540,59778,57999271,32564980
098120,3805,31630074630,155672,596016395,8312766
189860,3260,31618022800,65188,211952305,9698780
236030,15900,31482000000,0,0,1980000
191600,11000,31350000000,103,1159500,2850000
025880,1870,31258654460,103244,193496025,16715858
001515,7970,31182736580,7075336,59101634680,3912514
149300,1150,31125421600,402,462300,27065584
251960,2900,31086515200,0,0,10719488
153460,4750,31017566500,5982,28966825,6530014
197140,4175,30933923525,239894,962220765,7409323
049470,639,30903477111,172105,109321601,48362249
154040,2370,30762946020,44314,104548740,12980146
900070,572,30741549696,249448,142711308,53743968
059100,4345,30722886700,18464,79141670,7070860
18064K,57100,30649338600,261606,15043520800,536766
101390,725,30611798250,407928,295355440,42223170
087600,3745,30583759710,12346,46807780,8166558
085670,1445,30570476355,183533,264848870,21156039
108675,29600,30556968000,56852,1677497450,1032330
015020,712,30510339200,107022,77150204,42851600
051980,658,30468617620,384801,255375318,46304890
099520,1840,30297681040,102631,191503415,16466131
035290,11750,30199109750,0,0,2570137
317530,4460,30154934160,22859,102584915,6761196
003280,258,30117000222,0,0,116732559
082660,1395,29833238430,156394,214234090,21385834
032280,1835,29751937650,20942,38420015,16213590
064510,2170,29710789360,394017,871603140,13691608
012170,150,29592697500,0,0,197284650
002690,1970,29550000000,26601,52623435,15000000
085810,1390,29500192400,369291,519438010,21223160
172580,2250,29350125000,1927,4331245,13044500
010420,1430,29305007160,133345,189076775,20493012
072950,4880,29280000000,13763,67278630,6000000
009140,18500,29059744500,5589,105201650,1570797
014910,1490,29035416930,66203,99862790,19486857
093640,2675,28886083800,63750,172599995,10798536
192390,2700,28773619200,39993,105285245,10656896
056000,2030,28697298000,301540,607938370,14136600
134060,6000,28615500000,26288,159225630,4769250
010640,2850,28500000000,135845,397470155,10000000
019770,2420,28193000000,58176,138622975,11650000
279600,6060,28107982860,36514,220956590,4638281
225590,1055,28101732215,110038,117993205,26636713
001770,23100,28063681800,24985,579557550,1214878
123330,4000,28000000000,22716,91298790,7000000
011230,2675,27974989500,240460,646510915,10457940
035200,2855,27780834450,48457,139413600,9730590
211050,6180,27772858200,611,3207880,4493990
093380,2790,27563283270,73362,197714180,9879313
241510,4600,27521800000,0,0,5983000
058420,1265,27421289885,158808,206360110,21676909
079170,5240,27248000000,9245,48026940,5200000
001465,126500,27246202500,648,81462500,215385
073190,2275,27227291000,107541,242674040,11968040
024910,759,27186624795,57595,44166097,35819005
179530,16450,27171040750,30,469000,1651735
173130,6740,27134579480,7174,48436820,4025902
217190,3075,26965210050,120025,365560960,8769174
161570,1955,26962941630,74885,145627130,13791786
337840,9400,26899792000,5,47000,2861680
080580,3800,26894864800,26717,102618010,7077596
012600,3135,26886860385,74274,233651470,8576351
090150,2780,26850332540,56115,152936065,9658393
178600,6020,26786592000,53,317810,4449600
048830,1430,26775209890,423663,626794685,18723923
009620,701,26702664446,199695,141663803,38092246
003925,160000,26665920000,4342,680272500,166662
096640,1175,26642565700,92342,107477760,22674524
003475,2060,26599156720,300364,623384200,12912212
006200,568,26584181248,55649,31453042,46803136
087730,2720,26570513120,0,0,9768571
033110,204,26473567764,0,0,129772391
001420,3480,26448000000,10859,37937105,7600000
000087,23400,26445229200,19761,463608050,1130138
299480,2360,26197753480,501,1172360,11100743
344860,12500,26125000000,0,0,2090000
004920,1085,26116787620,192495,202044460,24070772
058970,5390,25952850000,187,954760,4815000
045340,3020,25845280800,56598,171119230,8558040
187270,2540,25765366300,22079,56496750,10143845
011300,453,25756610580,77693,34998409,56857860
060380,2570,25700000000,7320,18721550,10000000
258540,14750,25635352500,359,5461450,1737990
054220,485,25363340295,0,0,52295547
066110,480,25343808000,0,0,52799600
069140,4455,25295053410,19724,87647025,5677902
000885,52700,25258793800,546835,29793117600,479294
900110,230,25070157780,0,0,109000686
002420,61500,25066908000,20714,1293551700,407592
317860,6700,25024888600,0,0,3735058
037400,1000,24923346000,249232,256726625,24923346
066430,1680,24919853280,110722,185644520,14833246
115610,3230,24771283440,18318,59355155,7669128
140910,6520,24728893000,13862,90863040,3792775
008830,2740,24625804800,10883,30356225,8987520
278990,6730,24391014060,0,0,3624222
900080,197,24380639821,0,0,123759593
114120,370,24334120040,0,0,65767892
009415,9500,24296060000,90093,854852750,2557480
236340,10500,24201366000,1065,10908300,2304892
098660,1920,24001873920,12066,23071390,12500976
900120,217,23957767169,212890,46015766,110404457
003415,15450,23849933250,20865,321700000,1543685
221800,12500,23756375000,53,657500,1900510
033430,370,23750763610,0,0,64191253
005257,28000,23687720000,58079,1571327550,845990
212310,5700,23452245300,57,314000,4114429
076340,4795,23358650700,143,653920,4871460
044780,1260,23317291620,390882,493247105,18505787
023790,3170,23283919450,30543,95343080,7345085
224760,5880,23165436000,565,3301230,3939700
009835,20500,23036608500,690660,14327050950,1123737
270660,20500,23029290000,43,859500,1123380
110020,4765,22852596920,20525,96465935,4795928
238170,1100,22852152400,5,5340,20774684
222670,8090,22830384500,1422,11317170,2822050
058530,194,22811351484,4064895,793619995,117584286
196700,1660,22739470160,73309,120376235,13698476
043100,392,22641609536,0,0,57759208
149010,7190,22432800000,0,0,3120000
086220,2100,22205116500,365,658200,10573865
020400,8440,22009080840,20731,173876530,2607711
216280,4910,21983052000,1415,6954785,4477200
153360,1360,21963714400,11275,15323170,16149790
058450,689,21868860000,475777,332595324,31740000
130740,2110,21784650690,18543,38716065,10324479
214310,817,21758583381,229164,187111563,26632293
227100,8120,21606589200,54781,440484250,2660910
003495,19450,21604943300,113102,2184228550,1110794
204210,2760,21602009400,5444,14746595,7826815
175140,5900,21554210400,8553,51062830,3653256
039740,2680,21489303960,7112,19209310,8018397
135160,2700,21443100300,46,127800,7941889
004365,5800,21397650000,2893,16781510,3689250
181340,3015,21337456500,22067,67926560,7077100
053660,400,21280401200,0,0,53201003
084180,1450,21220723900,142159,201072750,14634982
036180,1205,21208410905,0,0,17600341
158300,6350,20995227250,0,0,3306335
067770,2480,20823550640,40539,99897445,8396593
232830,12900,20718380400,3317,42805950,1606076
043260,571,20326482553,82760,47287016,35598043
281310,7710,20315001900,15,103750,2634890
001685,14750,20210789250,23376,340555550,1370223
008355,65500,20166795000,134005,8920175500,307890
227420,2655,20145970080,11524,30596220,7587936
024940,2010,20100000000,24919,49452530,10000000
331660,18050,19855000000,0,0,1100000
239890,9600,19776000000,0,0,2060000
010580,306,19761980616,0,0,64581636
054410,3885,19658100000,14719,57243040,5060000
309900,1950,19500000000,0,0,10000000
134580,1720,19350000000,38067,65195345,11250000
206950,4600,19243331800,1632,7491945,4183333
039230,181,18889625713,0,0,104362573
141020,108,18839533608,0,0,174440126
224810,4480,18816000000,0,0,4200000
200580,5400,18782058600,285,1463170,3478159
043360,2060,18540000000,14052,29099665,9000000
007530,1430,18351144240,34613,49723930,12832968
026910,2845,18223377225,36257,102978170,6405405
101670,963,18200700000,62462,60472116,18900000
015260,219,18129886092,183137,39927920,82784868
121850,1170,18031474890,134059,159954095,15411517
215570,5610,17881875000,3,16830,3187500
011080,455,17724828940,120800,54634704,38955668
319400,2015,17369300000,13907,27853680,8620000
112190,2425,17278738525,3956,9126995,7125253
244880,3390,17017800000,52,176290,5020000
323350,23200,16936000000,0,0,730000
273060,2240,16822400000,308584,688882115,7510000
008500,13950,16740000000,6959,99733400,1200000
013720,2035,16643798985,19537,39748840,8178771
096870,2465,16462256000,94585,228296690,6678400
263540,2015,16452364175,0,0,8164945
019490,2970,16426282950,8908,26567630,5530735
004835,11550,16077600000,469690,5538478650,1392000
101680,1910,16051640000,16027,31024855,8404000
025890,1415,16002601485,17549,24495240,11309259
002355,2460,15990000000,46244,114350750,6500000
207490,4410,15876000000,1,4410,3600000
323940,2010,15722220000,2963,5935285,7822000
120780,5010,15531000000,0,0,3100000
291230,2015,15213250000,53759,107801370,7550000
005030,351,14881559004,113274,39814634,42397604
107640,3900,14800500000,0,0,3795000
199150,3600,14751352800,49,178850,4097598
109070,4100,14721078700,0,0,3590507
224880,2670,14466500550,0,0,5418165
217880,4320,14386973760,50,216000,3330318
113810,438,14291086338,98314,44384065,32628051
233990,1020,14245642320,9324,9147818,13966316
033790,829,14190075900,0,0,17117100
103230,1905,13716000000,18622,35189295,7200000
145995,37000,13692590000,110157,4519500650,370070
340360,2000,13690000000,27763,55350970,6845000
329020,17050,13640000000,218,3466300,800000
052190,295,13511445155,0,0,45801509
004255,2520,13305600000,12131,30375695,5280000
000075,43750,13302537500,16275,709108650,304058
35320K,6300,13201769700,96035,606260540,2095519
002025,12250,13185777500,30841,374714800,1076390
163430,3650,13179237500,501,1828030,3610750
317320,3015,13145400000,549147,1685891240,4360000
194510,536,13125755600,0,0,24488350
243870,9000,13121559000,100,1007800,1457951
328380,2020,13093640000,7418,14868440,6482000
032860,178,13093473520,852791,152529835,73558840
339950,2000,13080000000,0,0,6540000
327970,13000,13000000000,0,0,1000000
342550,1995,12969495000,14293,28449550,6501000
028040,279,12549281058,0,0,44979502
053060,586,12546846000,36835,21154265,21411000
069330,1055,12541620560,0,0,11887792
007815,4215,12496168350,1740,7422960,2964690
002995,42600,12450531600,200116,7990000850,292266
277480,2055,12350550000,0,0,6010000
250030,5100,12278352000,1233,6167605,2407520
299670,2195,11962750000,1,2195,5450000
336060,2000,11860000000,87551,173503710,5930000
001745,104000,11819392000,5878,615970000,113648
261200,2750,11715000000,1013306,2886649610,4260000
267060,1440,11627848800,4801,6406465,8074895
066830,2065,11562011405,1388,2896695,5599037
005725,3185,11467911000,140474,432714015,3600600
340350,2005,11448550000,6192,12378200,5710000
258050,1590,11440913370,3775,5792855,7195543
003535,2380,11424000000,1474250,3534049905,4800000
336570,2000,11220000000,29670,59197760,5610000
000225,9830,11141960950,62482,616816940,1133465
317030,2030,11085830000,5789,11825235,5461000
050540,282,10937537226,0,0,38785593
004105,3300,10890000000,171865,581019740,3300000
285770,3390,10824270000,13,42180,3193000
012205,7720,10808000000,94556,739168050,1400000
058220,275,10717917100,0,0,38974244
307160,2300,10557000000,2662273,6167826405,4590000
038160,862,10551204112,0,0,12240376
320000,3100,10543100000,2820066,9034680700,3401000
217320,10000,10500000000,0,0,1050000
271850,3350,10462050000,2093,6923200,3123000
307070,2025,10449000000,8360,16925830,5160000
332290,2005,10436025000,105,210560,5205000
291210,2060,10423600000,101,208060,5060000
307750,2060,10320600000,0,0,5010000
333050,2005,10045050000,5067,10154560,5010000
340120,1995,10014900000,24743,49375430,5020000
192410,408,9969806400,0,0,24435800
134780,805,9892438115,6093095,4611280351,12288743
335890,2055,9843450000,0,0,4790000
341160,2060,9702600000,71939,147211080,4710000
309930,2090,9593100000,0,0,4590000
199290,2930,9571724000,0,0,3266800
307870,2005,9523750000,6682,13388355,4750000
340440,2005,9443550000,3796,7586250,4710000
313750,2010,9346500000,0,0,4650000
160600,310,9342222930,0,0,30136203
226350,214,9318361858,0,0,43543747
322780,2040,9282000000,0,0,4550000
281410,2050,9245500000,15604,31832110,4510000
004565,83500,9172642000,14378,1181117400,109852
000145,19250,9063092500,13502,261162600,470810
299170,2085,9028050000,0,0,4330000
332710,2045,9018450000,159661,325761450,4410000
317240,2045,8998000000,16448,33712620,4400000
084440,2995,8976335465,31,92995,2997107
004415,3990,8875755000,430412,1774988330,2224500
333430,2015,8845850000,1426,2857855,4390000
351320,2030,8789900000,37124,75115930,4330000
162120,5270,8669081490,800,4216000,1644987
337450,2010,8663100000,2701,5403615,4310000
323230,2010,8663100000,0,0,4310000
344050,2010,8653050000,36877,74114335,4305000
330990,2010,8645010000,2007,4014755,4301000
121060,1445,8643513150,0,0,5981670
353190,2005,8641550000,22501,45048305,4310000
287410,2035,8618225000,6531,13293295,4235000
195440,2075,8582183400,0,0,4135992
004545,23300,8531528000,25531,596007700,366160
001795,13100,8492415600,4248,55303400,648276
140290,800,8444080000,0,0,10555100
001065,48500,8359508500,55666,2729151100,172361
279060,1360,8267667120,4304,5574135,6079167
011155,40950,8190000000,47478,1980099500,200000
331380,2020,8100200000,1954,3928025,4010000
270020,2580,8030526060,0,0,3112607
311060,3140,8021161400,530,1622330,2554510
006345,3050,7994660000,148343,465449155,2621200
331520,2005,7779400000,29216,58434855,3880000
329560,2010,7738500000,963,1926065,3850000
307280,2030,7551600000,20986,42374650,3720000
092590,1010,7364008980,7,7520,7291098
033600,179,7308230437,0,0,40828103
311270,2025,7290000000,3883,7822170,3600000
00806K,5970,7237771290,21615,128196270,1212357
185190,1955,7224604750,27,53465,3695450
349720,1995,7221900000,976,1942770,3620000
005745,11950,7178675700,26117,313382000,600726
279410,2045,7147275000,0,0,3495000
014825,26900,7138130200,1397,37582350,265358
08537M,9630,7075035810,338,3199620,734687
148780,1490,7071122800,1672,2430765,4745720
323280,2015,7062575000,4024,8108360,3505000
310840,2060,7045200000,7175,14759975,3420000
321260,2015,7032350000,6295,12651755,3490000
114570,620,7030424280,0,0,11339394
003075,22300,6975506900,28713,616284850,312803
310870,2030,6942600000,1687,3406510,3420000
308700,1730,6920000000,0,0,4000000
005965,30600,6907399200,25588,713520300,225732
112240,157,6905147938,16007157,2298220212,43981834
004985,9380,6900350100,87853,824148500,735645
099340,301,6849616200,19744005,5609433621,22756200
121890,739,6686160142,0,0,9047578
080440,498,6636328080,0,0,13325960
000995,58000,6514328000,5577,330403100,112316
323210,2030,6496000000,2392,4830285,3200000
183410,1580,6495634380,42,66860,4111161
222160,1150,6482924900,80,88750,5637326
288490,244,6444040000,25865,6128823,26410000
335870,2065,6442800000,6329,13098880,3120000
26490K,8200,6343192000,62571,514081130,773560
021045,1495,6342486670,215668,321281085,4242466
014285,10700,6311662500,116718,1272260400,589875
084695,6800,6211677600,10215,69608620,913482
270210,7690,6204353520,1011,7774590,806808
347140,2060,6198540000,33672,69279280,3009000
032685,43250,6178565250,18788,816989000,142857
090355,13300,6159575800,53629,704612900,463126
014915,10250,6150000000,34250,351966450,600000
158310,505,6096179210,0,0,12071642
266870,949,6081837320,126,119574,6408680
116100,950,5927986700,2,1900,6239986
242350,1230,5856669600,814,1001220,4761520
086460,3200,5836320000,0,0,1823850
016385,108000,5765580000,4455,473365400,53385
103660,1375,5661535000,111,147125,4117480
240340,1685,5638554255,118,198635,3346323
202960,468,5576492376,3096,1456704,11915582
001755,10600,5565000000,49612,506270210,525000
189350,1390,5560000000,0,0,4000000
210120,2740,5192300000,832,2479000,1895000
271780,1700,5100000000,0,0,3000000
005450,700,4915987300,2580633,2013510152,7022839
217910,370,4806493140,7266,2718491,12990522
001067,50400,4554849600,6818,345536400,90374
002785,5310,4551827580,21632,114884120,857218
276240,799,4453945600,504,400575,5574400
099350,1325,4351300000,5702906,7164725582,3284000
225850,1305,4348694565,9737,13868715,3332333
000545,5630,4323840000,39960,227491260,768000
002787,14600,4304196800,6562,94799800,294808
093510,714,4298280000,0,0,6020000
00781K,5430,4255485570,3139,16941320,783699
114920,1200,4163400000,481,673465,3469500
329050,3330,4096566000,0,0,1230200
266170,710,3947477170,165,116829,5559827
215050,1800,3818998800,1905,3590480,2121666
009275,41700,3783858000,2694,113615550,90740
000547,24300,3732480000,9919,239201900,153600
000227,22400,3675392000,1611,35785350,164080
001525,5750,3551953250,16030,92303020,617731
001527,11400,3517686600,5921,68438100,308569
000325,18450,3417862500,1407,25799550,185250
140660,1360,3382662720,9,13200,2487252
208850,1475,3327968750,3,4860,2256250
149940,155,3279863395,0,0,21160409
179720,273,3235050000,222,60606,11850000
225860,270,3066684840,3049,810153,11358092
245450,1795,2836028200,60,107700,1579960
223220,512,2761538560,0,0,5393630
001529,29300,2628854600,566,16729450,89722
238500,540,2528369640,1064,515391,4682166
208890,898,1931436360,0,0,2150820
224020,616,1663200000,1,616,2700000
267810,970,1500590000,9632,9488145,1547000
