티커,종가,시가총액,거래량,거래대금,상장주식수
005930,71300,425645495815000,30364841,2183677859000,5969782550
000660,114000,82992269610000,7449608,861327494786,728002365
035420,381000,62584353495000,1103481,423327659500,164263395
207940,889000,58820685000000,119393,106486054000,66165000
035720,122000,54375186012000,3807209,466140385500,445698246
005935,63900,52582460130000,3364005,217496149900,822886700
051910,694000,48991086042000,395074,276368651000,70592343
006400,688000,47309996640000,393152,272582829227,68764530
005380,195500,41772130558500,1313581,260036120500,213668187
000270,77800,31537268396600,2158288,169730866200,405363347
323410,65600,31170445947200,7305640,487175144000,475159237
068270,207000,28555055496000,1149446,242963229000,137947128
377300,218000,28420033250000,1395664,319918894500,130367125
259960,503000,24625142135000,2455962,1239852972500,48956545
005490,261000,22755763935000,603733,158953615000,87186835
105560,52800,21954658176000,3787449,201076996376,415807920
302440,280500,21458250000000,1712935,471417271500,76500000
012330,220500,20853367227000,454213,101358977000,94573094
028260,105500,19716587045500,684669,72620317500,186887081
066570,115500,18901322517000,1809765,211593511000,163647814
034730,259500,18258497071500,565864,145921115000,70360297
096770,194500,17984552198000,781594,154685308000,92465564
055550,34650,17900174546100,3653594,127968674900,516599554
051900,1054000,16461579638000,98918,106169708000,15618197
036570,681000,14950688982000,346895,239696054000,21954022
352820,364500,14234022796500,532093,194989843500,39050817
015760,20750,13320754597750,3414171,71927035150,641964077
091990,81000,12557308338000,1255030,103596522400,155028498
009150,166500,12436500384000,874829,148194964500,74693696
003550,78400,12332397851200,762537,60017284500,157300993
003670,157500,12200457150000,1200666,193401319000,77463220
032830,59800,11960000000000,886536,53368117800,200000000
017670,54500,11926406348000,4709252,260596585300,218833144
247540,543400,11911037824400,348470,189117165300,21919466
086790,39500,11859561449000,2447803,97339187900,300242062
011200,23600,11541332105600,4134454,100207527550,489039496
033780,81900,11244255504300,1011940,83432056400,137292497
018260,143500,11103714300000,249077,36053399000,77377800
361610,155500,11086775556000,995093,157796445500,71297592
251270,117000,10056559734000,314056,37171512500,85953502
034020,19000,9869575764000,16155792,311625907600,519451356
402340,68000,9619794828000,6863151,505360814700,141467571
000810,202000,9569717074000,202941,41555392500,47374837
329180,106500,9454336854000,184116,19768723500,88773116
010130,493500,9312345000000,70992,35309866000,18870000
003490,26500,9217251862500,2807332,75366408500,347820825
090430,157000,9183363163000,388418,61973903000,58492759
316140,12600,9173562917400,4729690,59074950300,728060549
010950,79900,8995365080800,624786,50645386600,112582792
263750,131700,8721371550000,1732049,233767680500,66221500
030200,30300,7911687782400,1783321,54086483300,261111808
066970,224300,7807942215200,2702136,611209957200,34810264
024110,10300,7666296046100,3269482,34211012150,744300587
011790,198000,7497923004000,613822,123293000500,37868298
326030,95300,7463252725000,265739,25295095300,78313250
293490,98600,7364834513200,6012279,600262968300,74694062
011070,304500,7206634081500,880385,273334736500,23667107
034220,19900,7120532430000,4888869,98555179700,357815700
018880,12950,6912710000000,6555522,91677429150,533800000
011170,201500,6906496928500,251544,51749958000,34275419
112040,197000,6564486796000,1728740,355638523900,33322268
383220,830000,6358974450000,372754,313243081000,7661415
009830,33000,6312190401000,1599425,53391674250,191278497
009540,87500,6192647650000,374193,33355354700,70773116
137310,58400,6031047015200,7086085,406716009800,103271353
020150,128500,5925242297500,3267151,429636591500,46110835
032640,13550,5916083941550,2202922,30001944950,436611361
088980,14000,5667837658000,1277178,17899911800,404845547
086280,145500,5456250000000,194438,28585458500,37500000
006800,8580,5451014780640,2524358,21983649110,635316408
097950,354000,5329181844000,101418,36306981000,15054186
021240,67700,4996234206300,467210,31967680600,73799619
004020,37100,4950838623500,1092490,41170507700,133445785
000720,44200,4921924813000,709482,31705457250,111355765
161390,38400,4756802649600,608527,23546722650,123875069
011780,155000,4722492105000,270890,42553278000,30467691
035250,22000,4706691000000,1458816,32705402400,213940500
138040,34350,4603287948900,205233,7205175300,134011294
010140,5070,4461600000000,8044166,41536284950,880000000
068760,120000,4386097320000,330616,40690133300,36550811
036490,402900,4249657451700,0,0,10547673
071050,75300,4196167197600,494094,37832258500,55725992
267250,52900,4178734196500,347296,18441645400,78993085
028050,20750,4067000000000,2221030,46508089900,196000000
000100,57800,4044437030200,336631,19540690600,69972959
139480,143000,3986242117000,209163,30538406000,27875819
016360,44350,3960455000000,593090,26479164350,89300000
096530,75700,3953507745800,6805294,503019734700,52225994
271560,97100,3838958417200,333272,32942182800,39536132
028300,36000,3837962304000,906268,33120430050,106610064
005830,53800,3809040000000,263465,14236467800,70800000
003410,7500,3778946962500,756066,5712923270,503859595
000060,31300,3775562500000,404887,12987311250,120625000
029780,32450,3759621012950,206765,6779336100,115858891
005940,12350,3668368504450,1174984,14629264900,297033887
241560,36200,3629019809200,490165,17979777800,100249166
180640,53200,3550508043600,116087,6197540300,66738873
078930,37500,3484326675000,437679,16551396350,92915378
278280,344800,3448000000000,128156,44812723800,10000000
002790,41250,3401399925000,285436,11952067650,82458180
008560,4985,3398426936315,2333196,11685508620,681730579
005387,92700,3382201307700,126889,11864967500,36485451
014680,298000,3377888110000,51975,15790570500,11335195
008930,50100,3371961011100,143081,7317499350,67304611
036460,35050,3235570650000,441245,15659893800,92313000
336260,49250,3225566005500,629096,30769261028,65493726
052690,83300,3183726000000,808550,69139293100,38220000
026960,31700,3160490000000,170426,5512430000,99700000
006360,36700,3140840683000,625000,23210844100,85581490
307950,112000,3071485984000,101025,11393656500,27423982
086520,128100,3071283583200,492348,64672212500,23975672
128940,252500,3049766205000,52637,13406671500,12078282
004990,29000,3042367873000,161003,4749141050,104909237
058470,198000,3017989260000,57163,11484624100,15242370
336370,97800,2991678332400,326892,32801554000,30589758
035760,135800,2977979113200,343413,47895474635,21929154
000990,67000,2974705396000,3634901,251503818700,44398588
007070,28250,2958281296500,496095,14320263400,104717922
196170,68700,2903553975000,376597,26483566400,42264250
000120,124000,2828730656000,72044,9057316500,22812344
012750,73500,2792939583000,119315,8811642670,37999178
008770,70600,2770917342600,931600,66269647600,39248121
028670,5170,2763724377040,4878256,25984689910,534569512
010620,69000,2756008281000,560695,39541209700,39942149
298050,598000,2679008904000,57480,35034686000,4479948
272210,14100,2663763384900,995681,14358928650,188919389
047810,27300,2661070421100,928159,25800948050,97475107
138930,8000,2607481968000,3127721,25180239430,325935246
010060,109000,2599581439000,205411,22623517500,23849371
204320,54700,2568554464000,447681,24882612900,46957120
039490,97500,2556402517500,169524,16764327500,26219513
006280,218000,2547665284000,80218,17706340000,11686538
253450,84600,2539200051000,118859,10261248000,30014185
282330,146000,2523450276000,87399,12678213291,17283906
030000,21700,2496394582500,537976,11758100900,115041225
051915,323000,2483482400000,44909,14733232000,7688800
042660,23100,2478414453900,4283367,99084902500,107290669
285130,139000,2449288420000,214575,30359083500,17620780
002380,275000,2443779525000,49014,13698088000,8886471
088350,2775,2410170750000,6758644,19198431830,868530000
112610,56700,2391118550100,315882,18127750800,42171403
023530,83500,2362111042500,258732,22228155900,28288755
067160,204100,2346081944700,89370,18437082000,11494767
237690,125400,2339462400000,780819,96553467400,18656000
001040,80000,2334159840000,130331,10562165700,29176998
047050,18700,2307115286300,1253770,23928601900,123375149
012510,75400,2290861913600,228142,17063416850,30382784
025900,110900,2240310529300,271437,30581595200,20201177
000880,29850,2237518239750,468599,14270702200,74958735
047040,5370,2231893566060,2121800,11569053630,415622638
093370,23950,2217933315050,4490923,110983487700,92606819
005385,90800,2211586998000,157315,14408560200,24356685
298020,502000,2172496364000,35018,17716369500,4327682
004170,217500,2141326867500,928487,201881351000,9845181
375500,110500,2139140549000,170268,19168165500,19358738
081660,34950,2123290158900,6097125,213442264200,60752222
271940,58100,2109796339000,190116,11299559900,36313190
299900,49200,2102425273200,2822994,136254168650,42732221
064350,18900,2062789337700,1409999,27128042000,109142293
012450,40650,2058109500000,407988,16896983600,50630000
001450,23000,2056200000000,820645,19179699100,89400000
000080,29000,2033874719000,428352,12682660650,70133611
009240,86300,2030977986400,118343,10435825200,23533928
004000,78100,2014980000000,257803,20297605500,25800000
078340,155200,1996868384000,1928898,316392306000,12866420
357780,255800,1989757182800,39815,10459540700,7778566
011210,71600,1947167942800,308929,22496200800,27195083
120110,70300,1934592097300,403586,28986100500,27519091
240810,39000,1914272139000,656667,25824874700,49083901
004800,90500,1906927762500,114580,10512798300,21071025
078600,121600,1882440108800,607542,75176418000,15480593
003090,30900,1796587182000,161453,4946968150,58141980
000150,108500,1792836097500,122874,13226887500,16523835
145020,142300,1776680246500,77480,11224867000,12485455
181710,90400,1768678260000,333218,30278559600,19565025
019170,32900,1743206171000,3283190,109712268900,52984990
051600,38700,1741500000000,396508,15423485400,45000000
108320,107000,1740280100000,210959,23128038200,16264300
005290,33650,1730097723100,1327655,45903590800,51414494
111770,38750,1717069385000,184319,7153994600,44311468
064760,144500,1687037500000,243069,35453846700,11675000
004370,273500,1663602587000,20683,5751375500,6082642
140410,183900,1636747883400,80978,15070329100,8900206
042700,32600,1612391990200,627087,21063686750,49459877
035900,45400,1611586136800,452038,21040042600,35497492
017800,39350,1606077765850,391641,15620958300,40815191
048260,112000,1600000304000,135081,15225636000,14285717
007310,435500,1599147725500,6595,2917941000,3671981
041510,67300,1597816477300,647370,45133130200,23741701
006260,49150,1582630000000,184527,9248385600,32200000
175330,8030,1581772638820,612684,4896991020,196982894
348370,104000,1580351968000,459872,47892192100,15195692
010120,52500,1575000000000,93069,4932265400,30000000
069960,67100,1570303791100,149110,10200430300,23402441
950210,25950,1559495222250,431141,11475736950,60096155
001440,1800,1541651416200,6266243,11412835340,856473009
069620,132500,1535221187500,53343,7236076000,11586575
381970,31850,1531556076050,1209027,39709838000,48086533
139130,8950,1513855205350,690546,6231391380,169145833
014820,51800,1511959689800,84901,4520772500,29188411
005850,31050,1496711750850,218793,6987815050,48203277
195940,51300,1482800798700,718382,37275380000,28904499
144510,93800,1481929222200,112976,10554695100,15798819
032500,36350,1447489097050,424355,15765901200,39820883
000240,15150,1438268886000,200566,3099199000,94935240
095700,57200,1431666350400,225931,13122895400,25029132
121800,30750,1404469503750,8298350,263091254000,45673805
009900,26650,1398329044450,487227,13116069100,52470133
206650,38000,1376713666000,862954,33162500500,36229307
294870,20800,1370872464000,411795,8744203050,65907330
007700,34800,1361179971600,161534,5824870550,39114367
001230,14200,1355144865400,713537,10388070850,95432737
178920,46100,1353787444200,812259,39364279800,29366322
289220,140100,1352772676500,343095,48023403500,9655765
020560,18100,1346852928400,894134,16479432400,74411764
098460,19600,1345633198000,279366,5471811700,68654755
089860,36600,1340806705800,383264,14209824800,36634063
011000,29500,1333739486000,1209529,35682587100,45211508
376300,66100,1331996303000,214648,14593955400,20151230
213420,55300,1327753663600,259910,14491938000,24010012
300720,19150,1326358491000,403891,8016390750,69261540
330590,5440,1321750728960,956678,5263003830,242968884
005070,43050,1295240571450,566767,25072206350,30086889
222800,40250,1282129255750,825050,33745085350,31854143
383310,82400,1261126396800,323206,27718450500,15304932
039030,102300,1260289965000,85936,9074443800,12319550
063080,189800,1251767441600,1640325,312126804000,6595192
051905,596000,1251419412000,20458,12270277960,2099697
013890,79000,1248235550000,120834,9546644900,15800450
034230,13700,1245914606400,885734,12281791100,90942672
010780,40300,1244972021800,85481,3530258900,30892606
215600,12100,1244692212500,0,0,102867125
256840,23950,1234182682200,18749448,434170994550,51531636
185750,106500,1216879543500,65534,7108406500,11426099
005300,131000,1215533804000,32284,4323357000,9278884
056190,33700,1210125212000,157391,5376396000,35908760
064550,46650,1204050075150,897299,42463652100,25810291
048410,30900,1193995281600,19350064,575667998000,38640624
001740,4790,1188818829130,936971,4493350755,248187647
141080,48950,1186299236100,389409,19496392050,24234918
166090,60100,1186234207400,111655,6748506100,19737674
079550,53700,1181400000000,343377,18804215400,22000000
000210,56000,1173529504000,182753,10471205600,20955884
000670,632000,1164169280000,1869,1181957000,1842040
005250,24600,1156893966000,165032,4142078700,47028210
194480,100600,1153539960000,274734,28109519100,11466600
248070,23050,1152627950550,510103,12055860750,50005551
067630,12000,1145976972000,813108,9963123700,95498081
073240,3940,1131805530780,1239405,4937592465,287260287
003690,9310,1120636469960,356834,3372414280,120369116
214150,17300,1119601747200,360241,6413877050,64716864
003530,5200,1115648430000,3465176,18459557460,214547775
007390,17700,1108500661200,561098,10019256000,62627156
006650,170500,1108250000000,117426,20744183500,6500000
032350,15950,1104946808900,988967,15944244000,69275662
084370,47900,1097678411800,334575,16437443400,22916042
137400,47800,1087029264400,1127704,54055029500,22741198
082640,6640,1071421004400,284147,1919389660,161358585
018670,115000,1061478060000,22863,2693107500,9230244
268280,206500,1053150000000,1940,401046500,5100000
004490,74700,1045800000000,106231,8066805900,14000000
030190,17200,1044294904000,142191,2483534000,60714820
215000,166200,1042973973000,171159,28713534100,6275415
214320,51500,1030000000000,70425,3638130400,20000000
192820,90700,1029400466300,169930,15593601300,11349509
122870,55700,1027184253300,354134,20095744100,18441369
192080,55700,1023459761400,392823,22680962300,18374502
003240,918000,1022101200000,973,907967000,1113400
002840,205000,1018850000000,3810,775109000,4970000
036540,6160,1013075466480,2363937,15120921440,164460303
066575,58700,1008817730400,57775,3441047600,17185992
064260,14550,1003208532000,22766369,347608856050,68949040
009420,19100,997796185800,306651,5995643400,52240638
031430,139500,996030000000,39819,5605133500,7140000
003850,14400,989136000000,370885,5385784850,68690000
085660,17500,984559310000,564758,10101344250,56260532
353200,19900,983396807500,2189449,44656956050,49416925
023590,21650,971362258050,243381,5355239250,44866617
235980,47100,966037108200,284866,13825101700,20510342
140860,144400,965957302000,41784,6044253900,6689455
000250,42150,959672928150,162772,7013366700,22768041
016380,9590,959085322230,382058,3758278900,100008897
003540,18750,952001250000,157244,2943480500,50773400
206560,37500,951567600000,1314513,49996513900,25375136
365550,6640,951239760000,449148,2950708100,143259000
068240,30000,946932210000,472502,14089172650,31564407
084850,40450,935336028800,86264,3563131900,23123264
151910,6290,934853432630,539689,3548246360,148625347
363280,23100,927964306500,106814,2508120200,40171615
015350,84200,926200000000,3059,257741200,11000000
039130,66300,924167965500,151335,10167874600,13939185
950220,9350,921274293500,1725374,16469767510,98532010
001800,14700,920887703400,202645,3027863550,62645422
395400,5940,920821960080,465449,2773264950,155020532
101730,57800,912987703000,4175100,243752894900,15795635
241590,15050,911590615250,229520,3456197050,60570805
089980,56500,903380590500,196363,11437676000,15989037
298380,19050,897698388750,330900,6417735700,47123275
001120,23150,897294000000,288875,6806412250,38760000
215200,74700,886082436000,61265,4562089500,11861880
069260,21600,882977500800,365257,8028919500,40878588
036420,50000,882042300000,559168,28915553050,17640846
014830,99000,880094457000,83042,8327749600,8889843
348950,5310,879336000000,1136120,6073094070,165600000
218410,32900,876706698000,426803,14229445550,26647620
086450,19600,871416000000,137899,2688593600,44460000
022100,5720,869638649880,722350,4268281130,152034729
222080,14150,869340426900,1905283,27865379400,61437486
020000,35100,864513000000,84941,3042142200,24630000
200130,29250,864149071500,207112,6219026900,29543558
069080,24350,859820025400,912481,22761987650,35310884
284740,38050,853740406500,54651,2098937500,22437330
079160,22400,850009552000,507745,11461666900,37946855
217270,26750,849412063500,865598,24307965250,31753722
161890,37000,846603660000,142155,5364284500,22881180
003000,11900,845650283100,683255,8296082550,71063049
344820,52900,844840084800,100849,5389322000,15970512
272450,16150,843030000000,376009,6097609950,52200000
084990,24600,842936564400,487515,11841286350,34265714
006120,43950,836713727250,106376,4766075950,19037855
003380,9020,832923216400,548883,5054052050,92341820
025980,9770,832705531510,2114785,21001667270,85230863
086900,131000,819324304000,74683,10068397100,6254384
003580,19450,818180529650,2633388,50178624750,42065837
060250,33350,817167346150,125808,4268260550,24502769
097520,45050,809426054100,189314,8612882900,17967282
039200,26750,808024543750,128459,3514183200,30206525
034120,44200,806764124400,114496,5155915150,18252582
103140,28600,801494350800,177940,5210138850,28024278
041190,9540,801360000000,4312364,42194915670,84000000
323990,52600,800729800000,184924,9956368600,15223000
105630,19950,798000000000,317491,6456278600,40000000
046890,13650,795868710000,582513,8117967800,58305400
033270,48950,795184036900,684833,33558855900,16244822
017390,157500,787500000000,2206,349412500,5000000
089590,15800,786202754400,412112,6695618550,49759668
267260,21800,785827543000,279585,6313206100,36047135
005690,13100,785462245000,1002444,12950023550,59958950
298000,246000,784770996000,34291,8660951000,3190126
005440,7990,780658811180,345759,2790150690,97704482
214450,77200,780640996000,81706,6403304600,10111930
000070,91100,780205088100,33367,3126176900,8564271
036930,16150,779224773800,3458922,56298769100,48249212
006040,211000,775982251000,5288,1125977500,3677641
048530,23100,773239212900,659244,15412038200,33473559
195870,45250,769250000000,283527,13127679450,17000000
003470,3850,768446817600,508588,1989111630,199596576
100090,20950,766233009600,1591490,33270305200,36574368
009450,52400,763394220800,106042,5739142800,14568592
010050,872,762305370032,8828241,7922680441,874203406
003520,4080,746202342480,611716,2553665310,182892731
272290,37900,744418838200,413401,16176692150,19641658
001680,21450,743200136250,176639,3857781000,34648025
178320,39350,739399131350,623127,24851084400,18790321
036830,35100,735838365600,125170,4519276550,20964056
057050,61200,734400000000,34808,2147789400,12000000
030520,29000,730911070000,7563911,244077446550,25203830
293780,32800,728044084800,1351553,44746959950,22196466
047820,3385,727923469485,23594720,83892476355,215043861
121600,66800,724668644400,1159383,78565363600,10848333
005880,2270,724532834200,2384108,5564117280,319177460
114090,11700,723711339000,692043,8222284800,61855670
033640,31350,722905982700,270272,8668444800,23059202
102460,39800,716343364600,300246,12245847650,17998577
280360,111500,715463945500,4549,523045500,6416717
090460,21100,710915716800,4526298,97603366200,33692688
268600,41000,710685759000,264209,11056188900,17333799
267270,36050,710213587650,95034,3505059400,19700793
016710,44100,709545141900,151464,6690627950,16089459
290650,31250,708902843750,133225,4207113100,22684891
074600,26950,708461600000,668444,18334084150,26288000
950130,19500,708152776500,2685631,48839709100,36315527
182400,19150,707301975350,1757702,35477105700,36934829
001530,281000,705494055000,32950,9339148500,2510655
042420,79500,704120847000,2495492,208685820200,8856866
189300,76400,701632311600,275208,21661065200,9183669
000640,110500,701399413000,12789,1444775500,6347506
049770,181500,700431006000,7695,1411077500,3859124
199800,102500,698713082500,39070,4219962300,6816713
085620,3940,697443784660,100236,400951460,177016189
291230,17400,695996659200,5412541,94805849350,39999808
307750,13900,682062839100,22954609,305038942150,49069269
067310,21350,681809666650,937072,20781945450,31934879
101490,31600,677865725200,467556,15127791350,21451447
025540,64900,675933500000,34944,2299905300,10415000
214370,62300,669288900000,21482,1367189100,10743000
383800,8730,665930423700,618383,5477257320,76280690
183300,66400,665357680800,116032,7926940700,10020447
026890,15900,662682982500,3322135,54440261500,41678175
205470,19300,660519629500,7837101,146768604200,34223815
053800,65600,656908888000,89397,5863360700,10013855
001430,18250,654483671750,90640,1664386300,35862119
095660,29650,653299768350,8193741,265573080900,22033719
090435,61800,652473894000,36140,2285320000,10557830
033290,7370,652246724580,576829,4318062700,88500234
319660,44000,649660880000,322501,14511073200,14765020
00680K,4630,648200000000,454502,2122958155,140000000
034830,2560,646372428800,4497103,11383017495,252489230
009970,47400,646327060800,28912,1361685450,13635592
192400,18150,645453657750,68835,1253155600,35562185
067000,14000,636655460000,3639865,53550774750,45475390
086390,29950,632967073700,343140,10209516150,21134126
082270,15850,631033878550,195456,3156647450,39812863
145990,61000,629120389000,52123,3172523700,10313449
210980,28300,627981641200,53779,1532117600,22190164
131970,42500,627282022500,228819,9954036550,14759577
005090,42650,625974220600,97671,4210684350,14677004
294570,77500,625973002500,98409,7767139300,8077071
003280,2600,625104737400,1919430,5282126560,240424899
097230,7490,623724364690,71005,540048030,83274281
192650,9420,615533612820,316724,3068743210,65343271
042670,7410,610034904180,1786349,13145968750,82325898
064960,41650,609053614400,88583,3763955650,14623136
002350,6200,605540837400,317966,2032427570,97667877
017810,15750,600398536500,55952,891493450,38120542
091700,11050,598428330500,1701878,18890117600,54156410
007340,59700,596642098500,76577,4615258700,9994005
003230,78900,594354883500,53110,4271857100,7533015
131290,53700,593998737300,70646,3918209400,11061429
377030,69500,593703124500,772471,55187770900,8542491
145720,53600,593289288000,64382,3511400400,11068830
034310,15600,590963880000,186318,2946428450,37882300
005610,67800,585046810200,12262,835321600,8629009
012630,9690,578897276490,452393,4482328380,59741721
063170,34200,578578500000,1872615,65432105800,16917500
170900,68400,577584169200,33964,2364732600,8444213
088800,13200,577151533200,825578,11122421900,43723601
294090,49550,572037655250,68437,3399577650,11544655
246710,54000,558359568000,65699,3589581400,10339992
298040,59700,556675515600,70030,4266228200,9324548
092040,28000,553047824000,130545,3718042550,19751708
001820,53000,550935000000,98824,5349473900,10395000
071840,23300,550059689600,107103,2548862300,23607712
001880,24750,545818779000,38115,970454350,22053284
001720,57900,543463122300,10456,599272700,9386237
000815,170000,542640000000,22241,3783261000,3192000
042000,24100,542182471800,149190,3624727800,22497198
006390,30500,542123317500,39553,1228050200,17774535
007810,22950,542096235450,1129876,26483277350,23620751
230360,16550,541731629950,258523,4316660850,32733029
094480,13800,541371764400,5964381,88076086350,39229838
286940,34950,538101768450,49238,1755739000,15396331
032300,49250,537155024250,439884,21809953600,10906701
041140,15150,535905828300,1857730,29083898300,35373322
267980,68300,535720475400,27446,1887276100,7843638
006405,331000,535523576000,7470,2514987000,1617896
060720,22550,533926317100,522529,12132613000,23677442
008730,21400,530720000000,302298,6643188300,24800000
030610,8170,528217428320,171378,1418126500,64653296
110790,45050,527782374000,52596,2397555650,11715480
330860,43300,527569148500,102504,4510953950,12184045
037270,8280,525195514800,3378762,29210496980,63429410
041960,8170,524398606920,1227415,10400207630,64185876
061970,11950,523225874400,671280,8144041300,43784592
003070,20700,521856066600,130915,2794802650,25210438
317330,28300,520081212400,589252,17351133600,18377428
334970,11000,519270279000,334131,3785923000,47206389
115390,9740,516294394120,412407,4145593810,53007638
007570,26900,513404361600,185000,5101581550,19085664
065660,54300,511606183500,306879,17263880000,9421845
095610,25650,507054996900,185828,4847145750,19768226
299660,52000,506021984000,300717,15819378200,9731192
226950,36800,504276288000,128952,4870880300,13703160
108670,56200,503983054000,155489,9020329900,8967670
006730,8470,501923145570,406759,3494586640,59258931
005180,50700,499457918700,29000,1489583700,9851241
151860,13850,498600000000,606335,8596247800,36000000
032190,13000,497900000000,227806,3007791500,38300000
039840,31500,496890733500,61018,1963244450,15774309
020120,14900,496122796800,234003,3578367300,33296832
123890,4000,495911008000,491971,2004717665,123977752
092190,12950,494996306350,633449,8700307400,38223653
025860,9950,494304487850,999502,10173635520,49678843
243070,45500,494115030500,53570,2497886550,10859671
053030,15550,493884296400,684261,10796309200,31761048
161000,10150,493784396350,573450,5954075900,48648709
000400,1585,491883067200,891001,1447681905,310336320
290510,6450,491494108650,754094,5072510870,76200637
018250,18550,489904294250,73438,1379972200,26409935
093050,16750,489770000000,121074,2056909900,29240000
950160,8010,489551575500,0,0,61117550
347860,35550,487756060650,443736,16494270750,13720283
043150,32800,487219596800,29093,974374850,14854256
078130,3765,480479785845,1391051,5346560325,127617473
139990,18150,480107230350,204579,3807225250,26452189
287410,6720,479132451840,9117589,63370595170,71299472
036810,21900,476473679100,210896,4721814350,21756789
281820,22650,472514243400,187410,4292763750,20861556
263720,38350,470750506850,36193,1414551750,12275111
060150,10100,470292481200,802357,8195567250,46563612
027410,4910,469969443810,793483,3973495820,95716791
084110,38950,468579756550,141619,5689689200,12030289
007690,52000,468552032000,111533,5931950100,9010616
126560,4150,468437873400,697385,2974016730,112876596
106240,10300,465481400700,1640918,17326856550,45192369
136510,16100,465341198000,920847,14832719600,28903180
382840,92500,464367667500,31425,2989598500,5020191
131370,8680,462358280440,3255487,28453825930,53267083
220630,4530,461233415430,312656,1476638265,101817531
008490,39850,461029153050,22529,901594550,11569113
038500,4240,457565137440,357697,1536318245,107916306
001060,21200,456646431200,91062,1985557150,21539926
058820,3285,456261021540,926244,3129368765,138892244
138490,12000,456000000000,721790,8987058600,38000000
068400,9640,455835497600,129075,1277818460,47285840
060980,43400,454487838000,79148,3522322400,10472070
225570,15650,451548933550,1616017,26588491850,28852967
078020,8130,451062074700,211908,1747080360,55481190
027360,3730,450669625880,731751,2823274420,120822956
035600,16100,449261387400,195539,3212295200,27904434
143240,38500,448881625500,32917,1308667650,11659263
002310,50000,447825100000,75984,3826978350,8956502
183490,53600,446560092000,86902,4717314800,8331345
271980,30350,446292865200,65981,2066635300,14704872
104460,41500,444615437500,89037,3718314000,10713625
003545,17100,444600000000,164051,2847709700,26000000
003800,40050,444154500000,3632,146208450,11090000
092220,3400,442041684000,31893183,117146521080,130012260
101160,26750,441669062750,361872,9890143900,16510993
348210,45500,440548290000,90860,4324075350,9682380
357120,6320,439998400000,408397,2602189790,69620000
094800,4735,439570557285,703396,3343295565,92834331
013120,4820,437695042000,230832,1120314715,90808100
004430,18200,436800000000,1408281,26658107200,24000000
005390,3035,436154963650,1796265,5574180870,143708390
183190,111500,434382703500,22738,2558233000,3895809
001510,918,433837776978,5384595,5083319727,472590171
059090,13200,432784770000,741708,10065819150,32786725
243840,55400,430082886600,68196,3881191500,7763229
095340,25950,429330190200,491129,13092903700,16544516
005950,15350,429179000400,1429825,22195402250,27959544
081000,30200,428929845000,124961,3867239700,14202975
232140,5220,428276727000,1441367,7764574270,82045350
084650,37400,428233627800,10095655,368204700700,11450097
314130,31600,426493192000,98708,3234388650,13496620
083790,6150,425865888900,2375748,14761045770,69246486
038540,7690,425474726970,409332,3163746350,55328313
000020,15200,424558344000,7434103,115164765600,27931470
033310,10500,423593425500,357042,3837116650,40342231
321550,17750,422839186500,120641,2175131650,23821926
071320,36500,422624156000,10972,403828550,11578744
230240,32800,422530256000,856547,28261042850,12882020
037560,5450,422085414250,531467,2935017620,77446865
002240,18350,422050000000,91018,1694911650,23000000
247660,97500,418169700000,496985,47769308900,4288920
138250,12400,417830400000,292085,3674833350,33696000
002320,27950,417786202600,71473,2033356350,14947628
029960,8330,416500000000,852634,7161787290,50000000
293940,7940,415501176620,93204,739402860,52330123
003620,2770,415056805540,0,0,149840002
016800,36000,414000000000,3899,140319000,11500000
298540,28450,413795463200,125297,3626908450,14544656
031330,4130,412979626710,1366409,5761455995,99995067
053210,8630,412703566580,146853,1289562660,47821966
058650,103000,412000000000,1398,144932000,4000000
017960,9330,410153862810,999824,9582506340,43960757
003030,98900,409609877300,20317,2027894700,4141657
214330,2100,409489741500,1521701,3284371455,194995115
001725,58000,409118254000,2322,134706900,7053763
249420,17050,405846009250,735658,12654004800,23803285
000370,3465,404500340475,1195861,4188044590,116738915
015750,5040,403200000000,812852,4241833410,80000000
001390,29050,402810088800,203829,6103902250,13866096
298690,2070,401414400000,945506,2001550710,193920000
241820,39000,400506483000,36643,1439994700,10269397
065350,14550,399891443400,364120,5367142100,27483948
104480,4385,398576478090,1444248,6563812730,90895434
214260,46300,397921460800,212142,10149860300,8594416
100790,8610,397746036030,500387,4383695140,46195823
002990,10850,397478075400,148463,1632121250,36633924
339770,15900,397222386000,124871,2036924750,24982540
036200,12900,395568476700,409140,5349755200,30664223
035080,4870,395391223810,1875612,9541962480,81189163
009160,6000,392577096000,321187,1962868880,65429516
055490,83000,391564950000,60240,5053077900,4717650
033160,17950,391448017550,606860,11210470450,21807689
005420,14050,391435205850,584389,8497334100,27860157
130660,12000,391200000000,848331,10435479850,32600000
104830,31000,390848000000,96758,3085257350,12608000
102710,27350,390772314600,294694,8040983800,14287836
052400,25100,390533861800,249495,6357887750,15559118
099190,28350,389450697300,87016,2473119650,13737238
080580,22000,388944556000,71313,1591893850,17679298
206640,16500,387528240000,538977,8972779850,23486560
115450,14300,387358671700,230986,3337406500,27088019
032620,7410,386780799990,1307330,10462343850,52197139
950180,18350,386484030000,131933,2461777500,21061800
085370,14750,386408272250,584459,8854000700,26197171
175250,40600,386307863200,144334,5954783100,9514972
002270,318500,385084017500,6971,2248665500,1209055
185490,17900,383229656200,628608,11572894650,21409478
216080,21550,382856416450,163650,3551827300,17765959
131390,25800,382327878000,409809,10835400750,14818910
001500,12050,382136372100,156039,1883911750,31712562
160550,13600,379523041600,836287,11804133950,27906106
088260,5990,379416124100,179679,1074930670,63341590
009410,9730,378488223540,410306,4014923240,38899098
121440,8830,378249102940,444150,4001877160,42836818
204270,6530,377750482980,142662,947147060,57848466
050890,6250,376756106250,1557722,9925877280,60280977
071055,64000,374928064000,20793,1355769700,5858251
089970,15750,373284371250,303619,4831286750,23700595
089030,19250,373226084000,282023,5549746200,19388368
216050,46300,373028775100,11897,547527250,8056777
214870,12000,371452344000,495808,6025517400,30954362
228670,27900,371252298600,585466,16824806900,13306534
089010,24950,370711017150,193641,4934954700,14858157
226320,16800,368412492000,74522,1272982400,21929315
102940,32200,367477863200,63523,2096771350,11412356
049070,21300,366360000000,110520,2396667350,17200000
011930,1795,366296132910,4287924,7844721470,204064698
080160,19300,364770000000,232388,4576410750,18900000
045390,5110,363584277420,2818436,14690090250,71151522
034950,79400,360516811600,3607,287237900,4540514
003100,54600,360360000000,48102,2617892400,6600000
002020,28500,359853141000,97170,2837691000,12626426
217330,61900,359786136300,127669,7820480600,5812377
285490,35650,359414173600,135203,4982272500,10081744
011690,2440,359254954280,0,0,147235637
299030,48000,358712160000,52230,2551693600,7473170
000050,13000,356398510000,28054,367715800,27415270
003300,12350,355874883000,38352,473777250,28815780
030210,5900,355853142800,414233,2501184900,60314092
099320,39100,355247233700,164115,6623609050,9085607
100120,35500,355066207500,181567,6530313000,10001865
047920,13600,354093108800,259941,3597422150,26036258
009290,6700,351219701700,620033,4204064710,52420851
011040,11400,350763932400,1592870,18860308950,30768766
00088K,15600,350563200000,308627,4908870350,22472000
002960,268500,349050000000,2134,576883000,1300000
004700,52400,348414831200,1623,86519600,6649138
035890,1510,347010770070,1720818,2635374370,229808457
082740,7420,346671645320,408825,3082148530,46721246
033180,2535,346611219240,2626379,6759690290,136730264
091120,21750,345562608000,204857,4556108750,15887936
048550,3605,344317587600,1239619,4671818620,95511120
084010,13950,343821939300,257728,3663209650,24646734
122450,7560,342739887840,253047,2002904370,45335964
034810,13000,342631874000,87905,1163440950,26356298
072710,73800,342268902000,4506,332806200,4637790
001630,68300,342173506300,68421,4749192600,5009861
086890,10300,341781480400,612711,6446211750,33182668
023410,4420,341714014460,1733701,7754435710,77310863
220260,12850,341274244950,788953,10512408700,26558307
122900,10200,340974168000,247416,2574087350,33428840
006490,3100,340529110000,1821291,5774359720,109848100
005500,24450,339855000000,226112,5587624000,13900000
030530,4390,339074736590,1732062,7716897830,77237981
095720,2935,339010065975,601625,1810924310,115505985
004690,83600,339000090000,13630,1160741500,4055025
900140,3405,338645286285,706272,2424676280,99455297
119860,25900,338637889800,176503,4706959100,13074822
036030,6900,338233052700,225988,1623305620,49019283
182360,24400,336834362800,667729,16988980800,13804687
042600,27100,336678855400,230833,6550602200,12423574
004890,138500,335892277500,1625,224733000,2425215
024090,28700,335790000000,107107,3039540100,11700000
053580,24350,335695138800,50013,1243548450,13786248
024720,18050,335309777950,191886,3513731050,18576719
003060,841,335202220047,3532756,2995048319,398575767
377190,5200,334880000000,225222,1173271980,64400000
317400,8600,333529672000,97053,851023160,38782520
104700,7240,333402000000,194109,1407687490,46050000
048870,4190,333250200260,757832,3268284785,79534654
044340,18600,332445705000,256314,4826016450,17873425
107590,143000,331760000000,1953,277291000,2320000
088390,35450,331487419800,1036291,37370543400,9350844
001200,3420,331283149560,437774,1535387030,96866418
011785,109500,331071717000,42685,4755037000,3023486
036630,555,330780000000,6138953,3548208264,596000000
086980,5280,330528000000,1866298,10301798940,62600000
046440,8490,329629072320,291218,2508074600,38825568
293480,18400,327022206400,51873,969477050,17772946
007660,5170,326983986230,4874885,25351544885,63246419
029530,32300,325584936700,31911,1033589650,10080029
084690,8990,325550716620,43865,394463920,36212538
265520,21300,325494267300,546017,11796678500,15281421
352700,32550,325354534050,634451,20905572450,9995531
119610,25000,324178675000,59121,1497472650,12967147
000480,81000,324000000000,2584,208532700,4000000
018000,2655,323237830995,3651279,9794817085,121746829
138080,30150,320316464250,249896,7591842550,10624095
001520,1340,319836644420,2418226,3360843200,238684063
025770,8510,318650746210,57552,506812670,37444271
033240,17800,318620000000,289751,5303209400,17900000
068290,31750,317500000000,187783,6136914150,10000000
009680,9620,317460000000,137084,1327600340,33000000
001360,4720,317005012880,445270,2156513250,67162079
077360,13950,316923088950,194956,2798966150,22718501
005960,13900,316069931600,129466,1800181200,22738844
078160,19400,315525363600,614821,12064792300,16264194
272550,22200,315457648800,31686,704496850,14209804
016590,78000,314322996000,5974,467859500,4029782
003220,14800,314127380400,537763,8187817350,21224823
006110,28500,313500000000,473558,14116872250,11000000
016580,16800,312481176000,68749,1146932500,18600070
091810,2830,312234689570,787255,2291979470,110330279
058430,52000,312000000000,28604,1525302900,6000000
208640,2280,311575137360,780778,1829021720,136655762
013360,5750,310643060000,2512638,14543948950,54024880
213500,13050,310597516800,153246,2030516450,23800576
340570,37950,308457600000,97323,3738768650,8128000
006060,5570,308132400000,824136,4619689540,55320000
205500,7400,307273041600,3102674,23455407790,41523384
322310,32750,306754250500,773369,26438414050,9366542
017940,44650,306299000000,27410,1250774850,6860000
051500,25800,306286918800,59701,1576128500,11871586
019680,3590,304083231500,129797,481962700,84702850
075580,5340,303576095040,236017,1297113800,56849456
237880,17350,302822441050,168511,2964454300,17453743
043610,5210,302781431980,435636,2344512770,58115438
348150,18600,302632397400,103580,1977075700,16270559
041830,22100,302411582200,48695,1087215600,13683782
083450,32450,302360825250,297707,9774201350,9317745
950190,22250,302152597000,269573,6193665700,13579892
089600,31200,299673192000,44832,1397990350,9604910
319400,2850,299541623400,221516,636311785,105102324
332570,8050,298987915800,112844,907171730,37141356
263050,19300,298754041200,223075,4345074650,15479484
060570,5250,298514196750,717098,3812064465,56859847
011280,4215,298447037100,832050,3601942275,70805940
252990,5890,295406152940,245447,1457298690,50153846
123860,25450,294764954000,42465,1086015300,11582120
078070,15750,294471891000,171888,2691663900,18696628
376980,31300,294412056800,283068,9184339700,9406136
301300,54500,293982265000,218951,12551247400,5394170
007460,1475,293753964250,4624888,6959006285,199155230
099430,20450,293734147600,143362,3054769850,14363528
003920,407500,293400000000,4596,1893994000,720000
031440,75700,293146736000,7947,612987000,3872480
035510,169500,291540000000,13142,2272278500,1720000
297890,17450,290983793050,128386,2282660650,16675289
064290,22900,290783329800,93296,2185479050,12697962
038880,984,290052843600,6445330,6455164251,294769150
002390,20950,288346016350,126799,2674398250,13763533
277810,17850,288013569900,83173,1509811300,16135214
093230,306,287861820930,48845820,15603576930,940724905
009520,6900,287334650700,499494,3542286000,41642703
251370,19200,287135577600,71096,1354808000,14954978
073490,42500,286345620000,131252,5725707300,6737544
149950,18300,285617250000,25903,478118200,15607500
00104K,67500,285289560000,30490,2062657200,4226512
194700,31650,284968371000,39596,1279283400,9003740
260870,51000,284812101000,14044,721217800,5584551
013580,31850,284449387950,153122,5008830000,8930907
101360,27550,284326551650,159864,4571440650,10320383
033500,9800,284249627200,253185,2536565550,29005064
038290,26500,283962101500,73903,2003246900,10715551
005810,27250,283659638000,36283,988411200,10409528
039440,17900,283357000000,247773,4540445750,15830000
054210,11200,283261552000,662137,7376823300,25291210
234340,29950,283117350000,51070,1555713350,9453000
114810,11100,283085231400,1811935,20972054700,25503174
001790,3155,282992709900,418616,1351896625,89696580
002780,1945,282942544025,1681949,3346373385,145471745
284620,2565,282699305010,371676,969297330,110214154
308080,29900,282322378000,144866,4474785100,9442220
082920,13100,282162891200,51358,687638350,21539152
136480,2655,281986758810,441534,1187105875,106209702
003570,8470,281650343590,42080,360629850,33252697
001780,3130,281046556160,791727,2557742135,89791232
108230,7380,280611548100,611388,4557539700,38023245
000155,70200,280551632400,4905,347667900,3996462
148150,23800,280465887800,321009,7874020150,11784281
357230,14000,279134240000,89654,1277264000,19938160
365270,20550,279129992400,308876,6583694000,13582968
245620,3335,279115741460,2225436,7522642785,83692876
281740,4240,278697523520,408347,1774474515,65730548
253840,18100,278539379600,1131878,19592158050,15388916
029460,20500,277857902000,60525,1250088650,13554044
051370,11900,277596916800,101228,1231807000,23327472
016610,6520,276750456280,508500,3319908950,42446389
048910,22000,276736812000,319104,7228552700,12578946
079430,13450,276199542900,102966,1425297450,20535282
084680,1940,275104014420,506939,1004896475,141806193
009155,94500,274709988000,9744,926167500,2906984
037710,171500,274400000000,1357,236079500,1600000
016450,6860,274400000000,75852,526551140,40000000
001470,1990,273736975310,2024599,4208707505,137556269
037070,19550,273700000000,212662,4265729700,14000000
036530,16750,273090090500,9753,164272350,16303886
036800,27250,272500000000,45270,1246299150,10000000
126700,18200,271946438400,527090,9784826550,14942112
000140,11700,271519150500,51118,616234700,23206765
007860,11550,271192198200,478152,5683767650,23479844
214270,10250,271140349250,25517822,278291167180,26452717
096040,516,270692953968,110632497,57524979805,524598748
115180,30300,269168898600,0,0,8883462
023160,10150,268975000000,135807,1391412150,26500000
068930,9030,268488890670,140103,1275312470,29732989
054620,13150,268184006150,327986,4399666400,20394221
166480,16850,267371907650,64337,1099323550,15867769
122990,9430,265802853630,539762,5117643400,28186941
261780,10050,265613078100,611776,6264833050,26429162
079980,7690,265305000000,211449,1648437900,34500000
139670,19500,264152986500,568363,11670664300,13546307
092230,62500,264040375000,2316,146555100,4224646
014160,2430,263398754070,4883550,12618727320,108394549
241840,27600,263076576000,315275,9017427100,9531760
002030,120000,262922880000,6921,833326000,2191024
115960,21150,262217700000,28121,600556300,12398000
144960,6000,262155744000,763969,4676113910,43692624
010690,7500,261903075000,526173,4134092780,34920410
001460,419000,261713685000,223,95478000,624615
100130,4570,261143510000,499380,2350061020,57143000
306200,92000,260939600000,14039,1309191800,2836300
001940,14100,260516958000,73992,1061328150,18476380
200710,19500,259931724000,133410,2657552050,13329832
004980,10600,259870373800,423330,4579598400,24516073
044450,11200,259681856000,84463,946619500,23185880
096240,34500,259571997000,513563,18085263500,7523826
194370,19450,259377439450,184853,3697599600,13335601
054920,9180,259032803580,1171164,11316725450,28217081
002810,14000,258537272000,62175,875090900,18466948
337930,8740,258462915840,219067,1897446670,29572416
045100,14350,258300000000,167369,2439904550,18000000
080420,3235,257899447170,137961,452620090,79721622
077500,9400,256953465000,273712,2667701670,27335475
008350,2325,256166384250,3260177,7767970180,110179090
377450,14750,255617500000,266461,4023465950,17330000
045970,9680,254727999680,401388,3977639840,26314876
023760,805,254065708680,644068,527146212,315609576
201490,8090,252875359300,16346494,137408766600,31257770
097780,891,252616542750,5882729,5342429107,283520250
015860,5110,252165638130,352989,1843258150,49347483
282880,26600,252036276800,196228,5382169100,9475048
090850,10600,251711426600,213130,2252399550,23746361
025000,52000,251680000000,8472,451312000,4840000
018290,7280,251042741040,544086,3971417670,34483893
006840,18950,251041280950,44817,868414450,13247561
066410,5880,251009526600,7163784,44989543040,42688695
093320,51400,250832000000,56321,2985437500,4880000
053610,22800,250800000000,100614,2355558800,11000000
052020,8200,250722404600,69948,576613780,30575903
039560,6890,250663973820,314284,2236229060,36380838
095570,5350,250499278250,141270,763872960,46822295
001270,24150,250432746900,3641,87604250,10369886
044490,12500,250092262500,0,0,20007381
031980,11550,249045662250,211935,2523438300,21562395
017890,11500,248466240000,321872,3741757350,21605760
023600,15300,247401000000,170020,2644826450,16170000
126340,48100,247388256700,81405,3972167700,5143207
002150,7330,247167600000,52383,390464710,33720000
019550,1525,247151526875,2155665,3412600520,162066575
228760,12150,246979270800,68799,813752900,20327512
012610,5940,246963608100,342838,2093234670,41576365
102280,940,246836601260,301194108,279641720348,262592129
195990,981,246691661904,7985319,7943134401,251469584
214180,18600,246583641000,87340,1657249900,13257185
058630,12600,246252850200,7954735,105228145900,19543877
001130,145000,245050000000,6649,966206500,1690000
376190,9930,244278000000,124680,1262805460,24600000
008060,7200,244009080000,347310,2544956830,33890150
053300,5830,243556009730,238253,1440312730,41776331
001070,45950,243535000000,8933,410581950,5300000
101060,1740,243419370600,441032,787972515,139896190
192440,39050,242748975150,53880,2152981750,6216363
052260,16100,241500000000,89963,1478443150,15000000
051160,16550,241208885250,115595,1945842250,14574555
002620,15100,241197660500,24779,384714050,15973355
102260,4845,240746732160,122300,588708600,49689728
005720,4485,240144736845,57022,256140670,53543977
361570,30150,239107288500,218978,7115165400,7930590
067370,20450,238913587200,29206,593253850,11682816
311690,40700,238696220400,81708,3424973000,5864772
002900,1575,238659075900,1619531,2594777940,151529572
142760,8320,238436823040,3106178,27046319160,28658272
025950,28350,238140000000,61712,1818236150,8400000
033530,8550,237869216550,557342,4927753090,27820961
003200,99100,237840000000,7338,730143500,2400000
083310,13300,236873438900,111288,1517926300,17810033
009810,2640,236853054240,2814434,7806513810,89717066
047310,6880,236816356160,503990,3568823990,34420982
027710,2125,236760275000,3157628,6935598300,111416600
189330,39200,236269532800,56034,2173704050,6027284
003160,7500,236225887500,328111,2534409900,31496785
035810,3625,236153688125,530991,1981253180,65145845
136490,9930,236131467720,266575,2677761000,23779604
021080,4905,235440000000,1673747,8484816540,48000000
288330,11950,235144870250,176743,2145049700,19677395
001340,5230,234923268610,596729,3154938400,44918407
290670,29950,234343775000,33809,1031934550,7824500
009580,3735,232945690140,151024,576118930,62368324
143160,21700,232545663000,50926,1108011600,10716390
229640,7590,232442831610,168528,1290631730,30624879
092130,19300,232441480000,14485,282320500,12043600
200670,23300,232328820200,71649,1698739200,9971194
094820,15400,232212118600,1379225,22046496950,15078709
011500,14850,232210073700,361756,5572430850,15637042
123420,24250,232068668500,504421,12583338950,9569842
065680,23300,231467326000,100499,2420652050,9934220
004250,6290,230968800000,1362575,8944975770,36720000
097955,173000,229645909000,5854,1033901000,1327433
372910,8290,229420825740,1152584,9821906590,27674406
014280,7820,229355571740,77107,603671840,29329357
004830,14600,228928000000,852298,12937039300,15680000
009270,2390,228409463070,5744083,14304586395,95568813
00279K,32150,228014230000,17494,587337400,7092200
005945,12050,227395164400,137666,1678216100,18870968
012700,8580,226907838300,281965,2440809410,26446135
004380,10800,226800000000,51353,560481300,21000000
001570,4645,226703888580,715540,3422025205,48806004
078890,14300,226682827800,532913,7909400850,15851946
099750,35400,226064400000,92555,3472875550,6386000
126600,10700,225937283800,1654023,18853977000,21115634
220100,16550,225840820050,151286,2530117900,13645971
089140,6770,224905249280,8091833,58011114050,33220864
094280,19400,224229080000,82324,1603723750,11558200
052710,23000,224098338000,93254,2214754450,9743406
000430,3610,223820000000,231682,859740110,62000000
032820,1590,223686256200,3331874,5510441015,140683180
263920,4555,223400585370,0,0,49045134
000390,8210,223340480490,48817,419203950,27203469
138610,22550,223312176450,189074,4372155300,9902979
023450,61800,223098000000,4691,290405000,3610000
225530,6130,222756396510,272925,1727251550,36338727
070960,4620,222375998460,319222,1528280840,48133333
118990,5450,222298807400,1022597,5788238990,40788772
180400,7740,222082929900,0,0,28692885
200230,2530,221397800360,2809792,7192885355,87509012
014620,7740,221364000000,169927,1321439700,28600000
101530,7600,221287847200,18824,145576150,29116822
234080,13950,220892028300,70091,997424000,15834554
033920,7750,220875000000,86441,679109570,28500000
054780,12150,220255175700,306366,3814778550,18127998
096760,3215,220038400130,115330,380382450,68441182
049180,5550,219818700150,280280,1594214150,39606973
400760,5200,219440000000,987285,5173224130,42200000
000540,3410,219067419450,91942,316711185,64242645
290090,29950,217284075300,362327,11316406900,7254894
049950,25950,217001840700,122396,3244996350,8362306
003560,1480,216428907040,3102524,4788859885,146235748
015360,36000,216000000000,4160,149867850,6000000
078350,14150,215708005300,288605,4184080550,15244382
005389,88700,215428794500,15947,1424050000,2428735
171090,23800,215386763200,369291,8999030950,9049864
067280,36300,215142077700,17840,660472450,5926779
367000,25900,214185411300,1611274,42817659250,8269707
000490,8990,213316607900,328499,2999780490,23728210
264450,20800,213110684800,104730,2219777350,10245706
244460,8250,213069219000,77878,641044110,25826572
053280,8510,212750000000,224421,1959029100,25000000
042370,8120,212744203000,328399,2725151520,26200025
004560,14100,212611235100,153463,2206872550,15078811
010955,52800,212357745600,18001,963867800,4021927
060240,8340,212080228560,2870433,24976517980,25429284
003960,23100,211699187700,173107,4079410300,9164467
290550,12800,210722124800,190172,2464128450,16462666
193250,3680,210435497120,79519970,293953609580,57183559
058610,9480,210241372800,164450,1577701670,22177360
109820,10300,210054492000,1430031,14706532500,20393640
092070,18150,210029222700,181285,3382126850,11571858
023800,13850,209967772800,94659,1353898800,15160128
241690,8380,209596914700,967940,8526138760,25011565
102120,12000,209515836000,379653,4677561200,17459653
058110,13050,209459416500,3827197,46745463050,16050530
256940,11300,209456698300,37446,431214350,18535991
322000,18700,209440000000,50264,970383200,11200000
018470,2040,209368710840,1675023,3507004785,102631721
000680,2655,209222007480,161170,442569980,78803016
036890,9300,209085092400,301809,2900705330,22482268
013030,15350,208963111200,81285,1260018600,13613232
236810,24550,208373354150,1065658,27945179050,8487713
122640,12050,208358104450,242200,3008053550,17291129
150840,5440,207993068800,3321662,18665831450,38234020
066700,6390,207511639650,798981,5169809760,32474435
002210,7930,206980692100,88911,710240430,26100970
057680,4400,206818554800,8697803,39777503040,47004217
007210,3015,206708400000,1107454,3427098510,68560000
251970,16650,206460000000,36049,607462000,12400000
174900,13500,206253931500,126543,1761937400,15278069
086960,23300,206172566400,859352,21701522750,8848608
005680,10300,206000000000,71847,746633850,20000000
018120,30950,204923664000,2894,89387050,6621120
161580,9900,204915199500,185264,1866032390,20698505
006620,7180,204378642560,160642,1173762550,28464992
007160,40850,204250000000,17911,753109800,5000000
002100,10450,204010908750,103289,1096211700,19522575
244920,9010,203695313930,286380,2637932740,22607693
040910,11250,203235896250,141741,1628606900,18065413
214610,11100,203094113700,4672647,52107346120,18296767
091580,15000,202812525000,246898,3665359500,13520835
004360,10500,202741245000,145451,1568345800,19308690
047560,17800,202477349600,1077737,19801420300,11375132
176750,7500,202401097500,1560,11775920,26986813
117580,7360,202400000000,224679,1670868260,27500000
278650,26350,201626721800,71198,1908680050,7651868
004970,12600,201600000000,17135,219112650,16000000
019210,6540,199952776260,325025,2199199290,30573819
315640,43050,199703482650,1162747,53224611200,4638873
101140,3865,199284799405,3337579,13526523065,51561397
109740,7370,199173586700,89296,668145330,27024910
258830,4895,199062248275,27621694,135577847250,40666445
338220,17750,198953644000,38901,706499600,11208656
196490,8270,198934138780,2454786,20490806520,24054914
083420,8280,198720000000,164756,1414722860,24000000
179900,12250,198534463750,51308,629423000,16206895
011760,15000,198434490000,72395,1112436300,13228966
290720,29150,198395891100,8716,256215100,6806034
013720,3750,198035756250,2102207,8218623650,52809535
078590,2380,197556560040,0,0,83006958
009470,29800,197091836000,94664,2866090550,6613820
203650,3880,196350325520,1444054,5675912390,50605754
318020,15500,196265216000,116857,1867353650,12662272
214390,8200,196036252000,66053,558731230,23906860
077970,8520,196035862080,60455,534482290,23008904
203400,10900,195959415200,106012,1201219850,17977928
025320,2675,195924912650,704044,1950240250,73242958
100250,3500,195633522000,235304,829443820,55895292
036580,5320,195392656760,214510,1198929190,36727943
306040,19800,195343394400,97103,1955760950,9865828
079370,18800,195219200000,86847,1654033850,10384000
273640,35500,194646500000,102130,3779760150,5483000
041930,12300,194340000000,430452,5527868650,15800000
288620,28250,194199427000,45000,1304126050,6874316
043370,9240,194040000000,149583,1427722450,21000000
063160,35300,193654458600,66706,2457640450,5485962
199820,17400,193314000000,49235,884378150,11110000
228850,11650,193285313100,87152,1006829200,16591014
260930,9990,193222494090,114075,1124117170,19341591
067990,6520,193146563120,272922,1817756500,29623706
015890,6590,192617462500,354213,2319468450,29228750
053290,11650,192531476550,426396,5090399550,16526307
33626K,14400,192444480000,24304,354300700,13364200
039860,7180,192411987860,448869,3351004420,26798327
054450,14200,191783936200,270618,3939351450,13505911
270870,21000,191377704000,26756,563522250,9113224
092730,23300,191231511300,67769,1599753950,8207361
348030,20550,191197200000,165057,3559509250,9304000
018310,13000,191100000000,422231,5557359500,14700000
333620,18100,191069826400,153306,2836652500,10556344
090350,9550,191000000000,429352,4247256960,20000000
010170,2585,190622100625,511831,1350160200,73741625
262260,27700,190593340200,53779,1561769150,6880626
294140,5150,190550000000,135621,718379800,37000000
207760,7690,190416973150,233756,1890963500,24761635
187870,27000,189988443000,52377,1416955450,7036609
087010,9210,189973316130,170945,1621515790,20626853
014790,5010,189671591010,258516,1321088065,37858601
000970,8310,189472155000,140085,1183451070,22800500
003120,71200,189392000000,864,61427000,2660000
347770,25000,189376625000,89884,2302580900,7575065
303530,25900,189136019100,910060,24198969750,7302549
082850,4090,188864572130,1266113,5374400715,46177157
036190,31450,188700000000,7391,231362350,6000000
039570,11450,188467000000,20477,235748000,16460000
023900,14950,188370000000,41092,611880400,12600000
060280,5610,187648155090,78230,453717780,33448869
089890,11300,187410070600,695180,8353366100,16584962
348350,18400,187378240000,56411,1047660500,10183600
088290,8270,187202242350,152247,1258320310,22636305
163730,20250,187090033500,1287219,26945355000,9239014
239890,40950,187017257700,99695,4108929050,4566966
248170,40900,186842897400,8358,345840600,4568286
136540,15300,186838443900,57556,900507650,12211663
340930,17500,186808020000,147294,2614005250,10674744
123040,5060,185779321860,233821,1202645680,36715281
257720,18500,185458134000,84217,1595311050,10024764
012030,921,185281192293,1472488,1392941134,201173933
084730,17750,185055855500,208573,3773788800,10425682
066980,4785,184606606305,159554,773313060,38580273
053080,14200,184597259400,495872,7433438750,12999807
001750,14500,184563743000,71329,1042575450,12728534
058970,34000,184486040000,97974,3387275200,5426060
090150,10600,183998965800,167303,1866282250,17358393
069460,3690,183926312010,1009231,3958539805,49844529
187420,8170,183816911700,87192,731220140,22499010
038070,22100,183444939600,492656,11100659950,8300676
238090,7770,183411984420,361669,2905502170,23605146
060590,7760,183318670400,277658,2190130530,23623540
354200,14700,182660906400,44209,647716600,12425912
950200,9540,182534095620,1273904,12371973210,19133553
159580,9100,182296987600,304151,2897873420,20032636
037460,11150,181951520300,108806,1248377000,16318522
33637K,24700,181950080000,45049,1130599300,7366400
074430,2070,181801567080,593178,1257825255,87826844
028100,15800,181700000000,137956,2249852300,11500000
215360,19850,181273435550,76426,1556341850,9132163
104620,12650,180856417500,325921,4251825600,14296950
115160,4250,180748369000,352987,1537044140,42529028
216280,28500,180406140000,0,0,6330040
003555,59700,180390714000,12820,777126600,3021620
082210,7390,180197737830,657502,5047642220,24383997
004710,5600,179815316800,239332,1381386830,32109878
080220,5220,179791588260,6001519,34256931660,34442833
049960,19100,179540000000,35945,698209550,9400000
067170,11650,179312198250,714314,8414777000,15391605
308170,20800,179088000000,149177,3231996650,8610000
239610,33000,177939795000,17391,573401800,5392115
110990,9410,177849000000,66520,636530290,18900000
256630,3075,177315483900,261619,813416165,57663572
300120,16850,177230928600,144399,2465293550,10518156
128820,3910,176870718980,190073,756039980,45235478
125210,10700,176515653000,461132,5080291100,16496790
339950,3925,176415620875,1151660,4639658100,44946655
352910,15350,175678048400,269256,4249170700,11444824
090360,18000,175500000000,72668,1343106850,9750000
091090,1205,175339659655,4262094,5113899685,145510091
067900,9600,174716726400,268707,2634420470,18199659
277880,9410,174407104300,538964,5308540100,18534230
109610,3705,173998292910,2832490,11092922255,46963102
229500,19400,173879619800,1605,31205650,8962867
005160,3200,173582342400,411508,1362226340,54244482
001250,2100,173320904400,828002,1794972085,82533764
095190,4070,173304820590,331000,1385150650,42581037
160980,15850,173149251550,91686,1526535050,10924243
217600,2710,173064231400,1053466,2941617675,63861340
004960,14950,172981994900,168755,2542040750,11570702
377480,34150,172945264450,4634966,170210288100,5064283
226330,12800,172800204800,492327,5897178850,13500016
382480,21950,172777844600,171322,3845971600,7871428
002170,57500,172500000000,6720,384615700,3000000
082800,1015,172455436510,1243987,1268775800,169906834
267850,15500,172050000000,39888,632121350,11100000
134380,78200,171982757600,326,25887400,2199268
035150,7100,171820000000,597727,4276486430,24200000
314930,27800,171475821000,18440,513065900,6168195
357580,15300,171361162800,160420,2603865600,11200076
200880,6340,171360290580,186201,1214315000,27028437
103590,4620,171311401800,282291,1348197760,37080390
051980,1645,171072910050,2296149,3513422305,103995690
356860,34750,170841946250,28740,1029056550,4916315
137950,7670,170794133380,325915,2588818030,22267814
021320,7970,170558000000,70995,575638970,21400000
317690,10350,170534993850,110922,1178028350,16476811
089470,5340,170346000000,338180,1820625420,31900000
352480,17000,170236997000,34122,585886200,10013941
061040,5300,170073072700,364329,1964677530,32089259
168490,2125,170042500000,4253,9037675,80020000
004720,11550,169934376150,573389,6380051050,14712933
158430,38950,169571824150,461488,18628146200,4353577
234690,9550,169534235800,139926,1372735770,17752276
017900,2925,169485506775,689367,2019326495,57943763
086820,20750,168249839500,38641,806612450,8108426
008700,2180,168132107600,1081840,2439004845,77124820
100700,3830,167754000000,307830,1209478560,43800000
017000,14350,167436187450,2191059,33252491600,11668027
105330,13750,166861502500,480650,6859188950,12135382
105550,8380,166604087280,287586,2464013130,19881156
006220,5170,166105761580,205405,1089765660,32128774
003547,16600,166000000000,46221,774593600,10000000
052420,2300,165984826800,1042264,2510584865,72167316
054050,10350,165916306350,53787,558904650,16030561
007330,11000,165910800000,51352,566934250,15082800
282690,12050,165482830750,39472,482014350,13733015
111710,8030,165321640000,57691,479968990,20588000
033560,9660,165186000000,122141,1186736740,17100000
083930,10700,164916938600,80768,881620250,15412798
176440,1920,164619542400,0,0,85739345
072520,786,164425574598,2273421,1828358019,209192843
298060,13650,164098307100,105842,1488396650,12021854
28513K,77500,163945747500,38629,3055633600,2115429
104200,11050,163844427500,3132941,36043448200,14827550
311320,26400,163506024000,158993,4333584750,6193410
003830,123000,163344000000,1116,138167500,1328000
078520,6040,163282092360,72728,441816900,27033459
255440,12500,163225000000,46082,593183550,13058000
063570,4775,163055401200,126475,618388860,34147728
108860,7390,162993433550,1706835,13046336480,22055945
036620,2080,162563799840,1148665,2389627540,78155673
045660,19650,162309000000,243829,4977383350,8260000
02826K,99700,162254272500,8924,895035400,1627425
009070,5400,162000000000,284559,1580970610,30000000
265560,15150,161956227000,215678,3406618750,10690180
078150,2050,161930373300,1012343,2094647830,78990426
138580,14200,161545448000,228819,3397286950,11376440
046140,7520,161405933600,57032,426317030,21463555
006910,3285,161391471840,1138470,3842945735,49129824
079940,11900,161074639600,223832,2738906350,13535684
306620,4030,160887707240,609576,2521479135,39922508
302550,26300,160814400800,109491,2912688100,6114616
058400,1210,160239961200,2384987,2951114900,132429720
181340,22500,160202250000,375476,8584488300,7120100
038620,2560,159297072640,4135392,11064321360,62225419
067080,8530,158800024500,72067,632614490,18616650
014200,2125,158449826000,3778609,8375499915,74564624
004310,4930,157760000000,613716,3137343170,32000000
105840,7760,157711244640,758354,6060892450,20323614
071200,6460,157601118680,202960,1399273310,24396458
179290,5000,157405090000,314779,1578098345,31481018
119830,8620,157382873880,208079,1823986250,18257874
042040,1080,157331947320,3632249,3953009595,145677729
060310,3400,157323144200,492649,1729242955,46271513
049080,1985,157297831400,886828,1820845110,79243240
036710,3860,156961414940,819494,3256891910,40663579
023910,26150,156900000000,72499,1977595250,6000000
236200,21800,156813351400,54044,1211184200,7193273
013570,5950,156601816350,1884158,11687016480,26319633
065530,2960,156465600000,520801,1605824995,52860000
000230,13550,156372420000,56290,796448600,11540400
211270,10350,156101846400,156632,1698319600,15082304
191420,19250,156095054500,63484,1266377300,8108834
000300,1290,156088418460,5735502,7743417775,120998774
122350,4070,156041471960,1214000,5075288865,38339428
054950,12900,155959606800,86129,1142392800,12089892
038390,18150,155899062000,20539,384467500,8589480
297090,16250,155681500000,56962,952033200,9580400
060900,900,155508124500,1743906,1594491921,172786805
003460,2735,155081105025,62996,172473220,56702415
138360,4480,155061688320,0,0,34611984
094850,11050,154700000000,240191,2726530300,14000000
092200,3975,154582061775,387498,1581912950,38888569
074610,3010,154572966450,439896,1330411515,51353145
007110,1995,154525936950,1463563,3013437740,77456610
208340,6010,154329503860,215902,1338060780,25678786
950110,6410,154176781400,47035,307686780,24052540
094360,15900,153281008500,417513,6802125650,9640315
310200,5210,153162793290,4411431,24727101560,29397849
026150,8940,153103990440,397779,3652230060,17125726
192250,2165,153003271405,3374181,7679313685,70671257
052790,13500,152963613000,1829157,26455178600,11330638
002710,6500,152750000000,233303,1546518970,23500000
215090,1900,152559424600,914507,1733986135,80294434
289080,2865,152515410000,725835,2133382140,53234000
061250,2320,152269842960,596108,1420142095,65633553
259630,13250,152153923750,192322,2636891100,11483315
068330,3440,152103521600,746422,2690665500,44216140
043650,8510,151974167040,130329,1130126710,17858304
263700,8800,151677081600,5360918,51742501020,17236032
006740,6820,151404000000,115732,806134410,22200000
072870,12700,151396179300,53110,682866150,11920959
014940,3320,151304554520,240966,812274120,45573661
007280,2840,151208631840,238386,679698695,53242476
000320,11350,150854563850,37048,425438850,13291151
066620,20100,150750000000,55369,1144588150,7500000
040350,1195,150538299040,647003,747116740,125973472
039340,6530,150190000000,117163,763679570,23000000
000700,5760,150000837120,83470,485118970,26041812
067290,3400,149385317200,185165,637506970,43936858
024890,3620,149321930240,1278942,4782284465,41249152
142280,7070,149299190810,90391,653690290,21117283
073640,2035,149277245920,438129,870259115,73354912
006380,3730,149200000000,330917,1243637170,40000000
004080,15700,149150000000,16655,259051200,9500000
012800,1635,149014715865,1273265,2136011940,91140499
352770,11050,148845058050,73711,841991250,13470141
361390,60700,148237898000,0,0,2442140
013990,4505,148158349680,863681,4073755520,32887536
017180,4350,147697524900,254172,1142117305,33953454
000180,2115,147524634000,234343,511778055,69751600
304840,13100,147308714000,124748,1693258300,11244940
052330,9440,147023770880,129120,1193618950,15574552
009190,4655,146887510210,442485,2019510725,31554782
241520,5280,146844207840,513453,2724898220,27811403
046120,5870,146564684100,471002,2729623290,24968430
327610,17400,145935922800,3942,68314100,8387122
068790,5930,145718251730,206125,1243069870,24573061
096775,116500,145441629000,12234,1466545500,1248426
004540,3905,145424906165,186009,745634925,37240693
171120,7690,145291599440,82378,638632050,18893576
300080,27850,145093236350,97435,2728215300,5209811
37550K,68500,144801122500,11638,805293800,2113885
002410,5830,144770455060,1210524,7342690050,24831982
008040,1025,144673215000,1781950,1876615820,141144600
140610,15050,144546280200,11289,169308000,9604404
120240,20100,144526859100,147177,3079256150,7190391
232680,29450,144473012250,32822,954631350,4905705
372800,25000,144424500000,1410858,40697175100,5776980
291650,17050,144347448300,81216,1393574100,8466126
054670,10050,144266946000,428812,4429946570,14354920
130580,9350,143990000000,17084,160769250,15400000
072020,14450,143922000000,53608,787068950,9960000
011370,1420,143270708300,2347324,3479718085,100894865
225220,14950,143029341000,264005,3937845900,9567180
205100,4060,142637028380,872469,3719477000,35132273
004140,3565,142499345790,660324,2447594180,39971766
066590,3995,142294309500,275840,1133618815,35618100
353810,4145,141724679400,314880,1350587845,34191720
377220,10000,141550000000,228132,2397543250,14155000
042510,3660,141520290360,1521748,5805521830,38666746
104540,11950,141364938900,14982,183032000,11829702
060560,1105,141074825125,1806363,2054444430,127669525
011090,2350,140980356350,1639377,4039741775,59991641
027050,3520,140800000000,285373,1026163685,40000000
043220,1545,140773257465,551179,875149905,91115377
004150,3350,140728732950,227476,766987060,42008577
140070,3795,140369460000,214354,837742870,36988000
002450,1545,139870263675,923259,1457597140,90530915
032850,8410,139801894130,1448396,13479274490,16623293
052300,1550,139666874550,3723812,5940453415,90107661
064800,1680,139600868400,1902305,3237631340,83095755
035610,5100,139464584700,551170,3014913530,27345997
066310,15700,139437383400,134487,2131440850,8881362
002880,1245,139267663365,2899615,3762992700,111861577
002700,1960,139253141160,3174525,6283550440,71047521
073560,2010,139167662430,826536,1687171910,69237643
049550,7170,139054671690,32550,231281960,19393957
002460,11150,138826420000,93920,1069373950,12450800
208710,3340,138380916080,4596860,15650262490,41431412
225330,7420,138268939760,1380194,10265876570,18634628
030960,8650,138227000000,31284,280662760,15980000
357880,13350,138225312600,1987725,29255366450,10353956
241790,13800,138036349200,34715,492159250,10002634
186230,12700,137416387600,78730,1034522550,10820188
016250,67800,137243946600,13884,952085900,2024247
036090,1520,137151705200,7080710,11328775490,90231385
334890,5710,137040000000,98722,570221140,24000000
065450,4775,136817120000,480811,2339664930,28652800
124560,6980,136366808160,231804,1641766620,19536792
041460,7170,136230000000,307529,2291742120,19000000
108490,12100,136137100000,40907,507322150,11251000
064850,11250,135900000000,125200,1472679350,12080000
155650,6800,135825634400,125930,895181560,19974358
305090,18700,135791920000,203298,3955443400,7261600
008970,1140,135529230600,1668373,1956261725,118885290
078860,1520,135505792960,11380791,18214397205,89148548
000860,20800,135200000000,30224,636601150,6500000
270660,22150,135019112650,13551,304304000,6095671
389030,12400,134779506000,167696,2176795750,10869315
006890,11600,134560000000,78096,925297850,11600000
003650,77300,134476645600,2251,177029700,1739672
347890,8000,134385632000,96449,787181550,16798204
331920,16400,133892027200,876520,14541709600,8164148
054220,5330,133860919270,0,0,25114619
033170,1560,133736177640,3013611,4888647790,85728319
204620,2740,133538533340,382364,1061119465,48736691
234100,3985,133424761795,936657,3884005430,33481747
036560,8450,133087500000,161569,1392887810,15750000
016880,1665,133078588200,740819,1272195670,79927080
950170,3800,133020964600,95529,369611095,35005517
002630,1120,132812965600,792128,901903255,118583005
126880,5720,132732045160,314510,1869220250,23204903
023770,15250,132728817250,4562476,65157635900,8703529
950140,6680,132717344880,133880,925438930,19867866
047080,5350,132572122600,655487,3649895530,24779836
014470,2205,132415233300,228989,518262635,60052260
064820,4285,132413904480,166273,730879660,30901728
123690,8240,132400320000,53046,453286790,16068000
100840,17600,132118113600,49729,903057300,7506711
304100,12950,132107223500,160347,2164936500,10201330
156100,9860,132052445980,195403,1947905270,13392743
005710,6590,132047784000,37190,243156740,20037600
019440,15400,131978000000,11794,184283350,8570000
024810,1580,131872524340,2228411,3657671415,83463623
108380,13750,131550828750,35002,497273350,9567333
067390,5110,131303974340,372165,1963255590,25695494
067570,3995,131134724440,827496,3448965800,32824712
012690,3580,130925092900,343026,1268878110,36571255
274090,11100,130803376800,119241,1366659200,11784088
276730,2315,130786992215,529380,1259253035,56495461
263690,11500,130244515000,88262,1036160650,11325610
004090,10250,130114730000,72417,770133150,12694120
006660,16000,130021024000,26689,428987600,8126314
071670,13000,130000000000,235204,3151972150,10000000
054800,12550,129864337800,9797,125374450,10347756
241710,12150,129762000000,68705,833729500,10680000
153710,8890,129700281620,72324,650617310,14589458
053980,7290,129382059780,155096,1165622700,17747882
123570,5800,129201252400,3520711,23310439500,22276078
079960,16400,128904000000,150295,2509755500,7860000
210540,11600,128083812800,176850,2130294800,11041708
168330,4105,127975406975,193961,815753320,31175495
321820,18550,127948291100,43323,829136600,6897482
347000,15500,127894282000,45851,728526550,8251244
092870,12200,127808749400,68010,861461650,10476127
066670,6830,127665799940,511433,3627153750,18691918
068050,4685,127656795670,594898,2917533220,27247982
010040,3100,127307892200,179650,576690740,41067062
014580,4615,127296006500,336392,1613911415,27583100
122310,8740,127200596560,38559,340849830,14553844
071460,3535,127144387825,137934,500370980,35967295
044820,13200,126771757200,8763,117460600,9603921
190510,9210,126565477800,199594,1914953140,13742180
005320,2320,126214384640,723655,1692740625,54402752
051360,7550,126213787900,299042,2293289070,16717058
001045,55800,126120443400,2479,137506200,2260223
312610,6210,125795274480,101749,623183970,20256888
232530,8370,125295911910,172,1418870,14969643
017550,2320,125245578160,1206010,2918070650,53985163
033230,3190,125097062200,30816338,115448682660,39215380
051490,8800,124960000000,101131,903973330,14200000
032560,7800,124800000000,172263,1370846540,16000000
267290,21150,124687836900,12738,271124700,5895406
007820,6220,124611144120,286255,1811021010,20033946
311390,17000,124575915000,1485081,27133942000,7327995
005430,39300,124437751500,16506,658291600,3166355
129890,12650,124393547300,34705,453280900,9833482
330350,9400,123973046800,95980,915701800,13188622
004060,612,123884075520,1792774,1131861281,202424960
239340,4590,123836520060,543282,2588076555,26979634
036010,9300,123624286200,239666,2277274750,13292934
053590,997,123585948534,895633,884557320,123957822
347740,16450,123418493800,68813,1161932150,7502644
030350,4160,122919505280,6712413,30410771490,29547958
095500,4265,122902496185,11019967,54996420620,28816529
019660,3750,122866196250,169416,652837525,32764319
025750,1525,122861852225,1647416,2594404215,80565149
023000,3070,122800000000,1055177,3597767095,40000000
200780,13800,122714899200,89876,1277536950,8892384
040300,2920,122640000000,54349,156331530,42000000
012200,3760,122576000000,306043,1167390390,32600000
03473K,216500,122568227500,2474,538613500,566135
217950,30150,122089138650,0,0,4049391
016740,3690,122016049200,600006,2273850465,33066680
015020,2845,121912802000,1002949,3008197355,42851600
261200,8260,121900171400,146324,1247070300,14757890
128660,4910,121784541790,722310,3726561270,24803369
007680,9040,121556124960,50509,464536910,13446474
302430,12350,121440118800,66370,840922150,9833208
029480,1335,121248431325,12042365,15536962270,90822795
057880,1020,121183522500,6430650,6661917825,118807375
045520,18600,120900000000,51915,997413600,6500000
241770,11850,120782784000,22122,262858250,10192640
063440,2670,120761841180,1103926,3092707865,45229154
005990,8790,120583892160,13167,116842400,13718304
040420,7690,120560374880,91063,710689820,15677552
014530,3455,120473846100,365347,1282751275,34869420
033320,6300,120420921600,257174,1674712550,19114432
180060,14150,120369323900,5488,75128950,8506666
032790,4075,120352455875,0,0,29534345
109860,13200,120120000000,31131,418128350,9100000
012860,1820,119761672940,397897,749945710,65803117
011320,6170,119208688150,164928,1053912340,19320695
297570,6870,119053074180,3085938,21069252920,17329414
011150,3310,118930858630,323973,1119451950,35930773
222040,5760,118817280000,127175,742855370,20628000
034300,29700,118800000000,25630,779313550,4000000
214430,16700,118682892000,23495,394875050,7106760
004650,12900,118562416500,80394,1060605450,9190885
037330,2700,118490104800,297268,822791275,43885224
120030,94200,118470724200,6718,655730000,1257651
173940,8240,118366611200,140103,1219677360,14364880
065130,7400,118224301800,92444,705762440,15976257
150900,10600,118222785800,584903,6329206300,11153093
049720,8260,118118000000,90927,760269210,14300000
067830,2875,117992573125,74960,214739375,41040895
217730,3110,117986946750,329840,1051757360,37937925
008250,10750,117740826250,155043,1706554350,10952635
034590,26900,117680882600,3627,98091000,4374754
001540,9010,117512204200,31940,296743860,13042420
020710,5860,117481104200,401890,2523766090,20047970
203690,2565,117366571620,126338,328139500,45756948
307180,5230,117341425370,316946,1676609030,22436219
053450,7930,117306927790,159849,1296763830,14792803
069540,4500,117278802000,317296,1480097025,26061956
012790,10450,117219593700,157354,1716815050,11217186
093520,7250,117182417000,298151,2225560300,16163092
000890,849,117174292671,1130147,970976433,138014479
227950,1635,117002936415,704692,1180362805,71561429
094170,6650,116890414900,619574,4288220620,17577506
347700,11550,116883343500,5532463,62642983630,10119770
206400,4915,116806090705,249707,1246992795,23765227
050110,1580,116642106440,537951,876870715,73824118
198440,3645,116566954200,1721527,6541084910,31979960
322780,3260,116563497240,496499,1645037085,35755674
024950,8780,116542006060,103035,913624680,13273577
109960,651,116330586267,591024,397801905,178695217
093920,6250,116250000000,46980,299266550,18600000
269620,1070,116104425630,7475701,8466090705,108508809
056080,3095,116100110440,99847,304565540,37512152
033540,2315,116062828265,282445,671375800,50135131
092440,3970,115924000000,100048,404180840,29200000
065950,4105,115889494710,529455,2214689870,28231302
118000,1425,115885863525,1905198,2831762705,81323413
335810,10200,115638012000,122704,1316726650,11337060
134790,57800,115600000000,2913,169501000,2000000
251630,7670,115437948600,51131,397518090,15050580
093190,6000,115433430000,93500,572310450,19238905
189980,3000,115161381000,512539,1544573820,38387127
376290,6520,115126900000,251168,1688307960,17657500
048430,9990,115084800000,365132,3813279670,11520000
071970,4055,115024032680,384376,1643652475,28365976
057540,2475,114962153625,7085044,18106911295,46449355
047400,2730,114660000000,1017045,2898601545,42000000
018700,3890,114644084430,1490910,6023211270,29471487
009460,1920,114561573120,1012224,1971167605,59667486
036120,3215,114132500000,136662,451911380,35500000
003480,3860,113985074320,96044,364039515,29529812
046390,2640,113976543120,1025597,2829904310,43172933
053690,10400,113958520000,104292,1119086500,10957550
010960,4545,113625000000,148323,688574370,25000000
005750,6800,113371232000,169771,1172473800,16672240
002760,1890,113211000000,639317,1222768835,59900000
005740,7600,112839837200,58053,458379040,14847347
200350,22600,112740529400,11239,259070900,4988519
141000,9290,112545655900,68618,651488780,12114710
044060,8120,112469381080,122885,1002258570,13850909
152550,1605,112382100000,16756,26908770,70020000
900100,3585,112029919965,0,0,31249629
007540,38950,112012410000,10177,399907500,2875800
307930,7150,111611500000,145817,1090277740,15610000
002600,186000,111600000000,268,51037000,600000
013310,2875,111568923250,1652785,4879547395,38806582
087260,3430,111346189780,998147,3569012875,32462446
060230,1285,111337638945,2398282,3146249465,86644077
051380,14500,111193772000,61322,904769650,7668536
001260,11300,111066581300,79917,921405200,9828901
003350,24500,111034000000,21364,528039850,4532000
007720,1100,110880495000,1032958,1178394545,100800450
307870,3670,110765004000,587843,2234758685,30181200
011700,3405,110479144155,2078254,7429913415,32446151
109080,19600,110465600000,198055,4020818550,5636000
290520,13700,110439536000,104322,1481934950,8061280
080000,3215,110348027050,83128,270061100,34322870
094860,1105,110288517365,5412101,6369604090,99808613
335890,1925,110155697575,255648,500173405,57223739
065170,1235,109878640365,2437563,3110106375,88970559
039020,4865,109874609285,391589,1953323695,22584709
148250,14350,109641017150,124389,1836928700,7640489
056730,1550,109591063600,0,0,70703912
009300,17200,109564000000,25652,448933550,6370000
014190,3095,109562709070,1163996,3720965665,35399906
265740,12250,109414550000,50526,644344650,8931800
006340,1540,109366129180,1390059,2221098575,71016967
072470,5790,109357704390,171881,1031590820,18887341
272110,14800,109267038400,63524,966462000,7382908
044480,3375,109160935875,497741,1729696380,32343981
042520,10800,109112194800,98991,1075954800,10102981
012170,1355,109089960580,1583801,2195886190,80509196
006140,7270,109050000000,30329,225282970,15000000
089230,628,108926719948,2066051,1334210108,173450191
036640,6660,108922968000,510236,3503913490,16354800
009320,2285,108871966875,1719906,4052795680,47646375
041590,1200,108843246000,3714272,4613509250,90702705
057030,6670,108805688990,943045,6496165930,16312697
000220,6300,108563811300,194326,1258031010,17232351
131030,6540,108333772380,50639,335188960,16564797
217820,9400,108224427800,116801,1108709480,11513237
096630,1635,108184678365,776810,1288843050,66167999
350520,5250,108150000000,64055,338189030,20600000
170790,15700,107644381000,116686,1867384100,6856330
037230,4295,107375000000,394093,1755627415,25000000
037370,12950,107322827150,300989,4019957300,8287477
064240,3240,107227009440,237740,790044505,33094756
100590,7260,107183736000,70898,531205520,14763600
264900,8540,106953679000,67322,595874740,12523850
035000,6450,106859788050,101682,669552550,16567409
013870,5600,106804768000,181205,1046063920,19072280
003610,2520,106631506800,384940,980856300,42314090
380440,2075,106426750000,114619,238039050,51290000
217500,3340,106252080000,380581,1332120135,31812000
078000,10950,106244630700,10111,110413500,9702706
066130,8300,106240000000,214436,1838205470,12800000
086040,7240,106189970520,125620,941790350,14667123
039290,12200,106066531600,1034357,13540778150,8693978
006370,9800,106051787800,28963,297690840,10821611
024910,2950,105666064750,224905,680837665,35819005
200470,6010,105497616800,5872001,37591652510,17553680
004270,2910,105377385600,359795,1090836645,36212160
004410,283,105365579405,4996540,1455271166,372316535
225190,10400,105246960000,33585,356786600,10119900
011810,3670,105040736180,147301,551680025,28621454
004440,8240,104911243280,35566,302144500,12731947
143210,4795,104834370060,21348,105007865,21863268
327260,26200,104769843800,142937,3898162200,3998849
025820,3130,104673460000,589834,1900586540,33442000
227840,11500,104659614000,45821,537490400,9100836
023810,10450,104500000000,126440,1405206800,10000000
270520,3345,104393797260,1117832,3828138875,31208908
052220,4535,104305000000,473254,2173707915,23000000
075180,5430,104256000000,6135,33025050,19200000
005010,13300,104240279500,59114,794427950,7837615
049480,3315,104165199645,5340208,19057433575,31422383
065510,8750,103975121250,62989,563228990,11882871
015230,7260,103717194900,84498,617881790,14286115
267320,2630,103612937020,324654,886939410,39396554
038680,6440,103524384600,213603,1405778730,16075215
041910,8700,103514888100,45114,401677460,11898263
234300,4965,103401884400,160445,820331430,20826160
264660,12300,103387404000,52607,656558000,8405480
015710,5890,103254645000,129401,797142620,17530500
214420,5600,102948837600,32836,185759260,18383721
007980,2135,102799368245,521560,1127844310,48149587
065150,820,102731572100,78609,65016352,125282405
085670,4240,102649352720,1843518,8016986375,24209753
229000,15650,102639288650,51676,817921050,6558421
046210,3190,102515945400,213573,694998275,32136660
065650,2350,102497503650,169856,406112400,43615959
072990,14650,102485701150,38223,565525350,6995611
069410,10000,102448240000,735525,7964459940,10244824
263600,6430,102431893300,117779,775638320,15930310
001290,1050,102381105750,269113,287993515,97505815
027830,2555,102200000000,1608421,4478863270,40000000
017650,11300,101700000000,48354,557423350,9000000
005800,113000,101700000000,364,40747500,900000
031820,840,101683231440,1884918,1630351017,121051466
034940,3280,101613832560,323890,1096447150,30979827
099390,24700,101487261200,81546,2081286050,4108796
224110,19000,101460000000,147910,2926307600,5340000
009180,3690,101391698250,1071390,4069933835,27477425
004910,7920,101376000000,53080,428089470,12800000
037950,1200,101337022800,625434,774559535,84447519
060370,4615,101068500000,170008,810370875,21900000
041920,6310,100960000000,1793480,11303929530,16000000
128540,6930,100892484000,756618,5439942940,14558800
001840,5090,100811318400,208283,1089002780,19805760
038530,1210,100753710090,3182752,3960833055,83267529
013520,2010,100603016520,607456,1271245635,50051252
130500,6910,100506309320,2582795,18466344350,14545052
119650,5700,100320000000,181891,1071860760,17600000
033130,2700,100211220900,534798,1478130540,37115267
010580,1530,100210979160,0,0,65497372
065710,19450,100167500000,25215,496117450,5150000
040160,8300,100060940500,334722,2911495500,12055535
001140,1550,100022341650,2294636,3712953850,64530543
008600,1520,99973306240,1626377,2579966115,65771912
253590,2650,99845377650,150510,404539830,37677501
133750,4255,99597112635,721507,3324244835,23407077
065560,5770,99593806250,0,0,17260625
027580,1730,99567342210,567389,996799840,57553377
017040,2295,99459826425,752693,1779879300,43337615
025550,4050,99315128700,1226740,5201689925,24522254
058850,2325,99242625000,250336,595705735,42685000
024900,3045,99160364100,211057,647891515,32564980
004770,2845,99134056295,898776,2642023700,34845011
357250,4930,99093000000,117703,583870710,20100000
260660,6460,99012555660,108856,718737270,15327021
015590,428,98958581064,2261957,1012469771,231211638
093240,3175,98916483650,397767,1311369495,31154798
065370,15000,98638110000,234101,3683216850,6575874
101930,10550,98449487750,34186,364688950,9331705
011390,93200,98419200000,10478,1019632200,1056000
012160,971,98372371212,1113882,1106033502,101310372
019010,2040,98328000000,349955,717201250,48200000
041020,2415,98219750160,1682603,4226085320,40670704
170030,6400,98176000000,66747,439537740,15340000
230980,1660,98132865440,795224,1363193335,59116184
035620,1335,98107151505,1994353,2747591120,73488503
238490,8670,98077086120,49761,435516840,11312236
014970,6480,98010000000,75564,506700860,15125000
378850,5160,98007094680,76096,399958480,18993623
002795,15200,97945304000,56786,885064350,6443770
053700,5200,97884259200,113305,611226530,18823896
117730,6930,97833117690,178897,1275284540,14117333
001550,18800,97614093200,114662,2213224400,5192239
016670,973,97551057352,0,0,100258024
262840,9890,97515400000,88147,890440690,9860000
084180,1715,97429542735,592203,1020358980,56810229
009780,5520,97152000000,60326,341927310,17600000
357550,17800,97099000000,50622,926580050,5455000
039830,9010,96973638900,116422,1072813670,10762890
033830,969,96900000000,2183662,2176916405,100000000
044960,7660,96836823780,221890,1699137110,12641883
000910,6200,96792037800,587455,3794619110,15611619
069510,8860,96662600000,24098,217540870,10910000
002200,24150,96600000000,17612,428929850,4000000
053950,4810,96438407650,137134,669439405,20049565
038460,4800,96421440000,674289,3462437505,20087800
000520,7120,96385454960,58458,422837940,13537283
009200,2310,96117506100,235312,554885710,41609310
090080,1745,95804441955,960856,1740861660,54902259
140670,10500,95582970000,139902,1498098250,9103140
000500,22950,95479963650,33157,756339550,4160347
004840,4785,95365050000,54779,263237230,19930000
258610,5400,95221294200,114631,634973720,17633573
083500,11350,95177944700,83758,954997400,8385722
016920,3965,94940727570,645927,2657269170,23944698
088130,8900,94900148200,163231,1501805670,10662938
003780,7300,94900000000,348934,2557801660,13000000
159010,21350,94898892550,61007,1344909000,4444913
023460,2550,94860000000,89247,235156285,37200000
089150,5520,94668000000,229956,1300594520,17150000
083650,3640,94640000000,294423,1093673195,26000000
005870,6700,94577300500,116169,784746170,14116015
024060,6280,94200000000,125971,818329270,15000000
137940,1215,94080412170,1358563,1715684710,77432438
351330,11350,94074702000,56785,669655400,8288520
114450,6270,94050000000,234086,1532598160,15000000
196450,2280,94010387280,141669,316700075,41232626
022220,1815,94007160885,762920,1422613400,51794579
042500,6120,93984093360,387860,2494382070,15356878
053350,4745,93907896420,168752,841124120,19790916
019990,9610,93756005680,937440,9512185920,9756088
010820,1950,93719847000,333977,665886680,48061460
100220,7210,93706502610,153007,1123480130,12996741
002360,843,93685734390,1455834,1267831471,111133730
041520,7680,93609446400,65425,490280370,12188730
002720,4840,93296275600,182217,912223180,19276090
036670,8250,92977500000,41029,343817510,11270000
111110,9840,92786034000,102739,1011030890,9429475
081150,3820,92705295640,1105269,4396169125,24268402
009440,4130,92656467400,100809,428822960,22434980
012340,3080,92537066160,194362,601450975,30044502
089850,13000,92504061000,116419,1563416050,7115697
027970,1605,92388610185,513522,847546230,57562997
007590,6780,92327172060,38570,265368040,13617577
124500,4635,92270488455,281032,1431895150,19907333
163560,6630,92157000000,27275,189331190,13900000
123010,1600,92034968000,295374,478037590,57521855
000157,103000,91982914000,1426,150317000,893038
246690,2350,91945815650,490332,1198812965,39125879
050960,13600,91813600000,114406,1582136150,6751000
038110,2685,91744758450,1315063,3580375485,34169370
023960,3055,91651377805,271838,822927100,30000451
047770,2420,91579096840,447563,1110915920,37842602
072770,2350,91572459400,562299,1346516005,38967004
091590,7790,91454600000,79421,631791950,11740000
043910,1475,91144223650,1985775,2999108445,61792694
002800,6000,91023000000,58204,359406350,15170500
010600,1550,90949728200,410670,642901700,58677244
032860,5070,90937380690,353357,1762820405,17936367
120115,32750,90647415000,33862,1135026800,2767860
092600,4020,90340414800,169696,696263505,22472740
313760,18550,90190100000,136963,2633230150,4862000
263770,3805,90179154460,88231,345490640,23700172
016090,2035,90114500850,578863,1193470420,44282310
000650,63000,90040860000,1663,106190900,1429220
098120,10800,89777872800,155864,1714824100,8312766
003720,2640,89760000000,294121,793122785,34000000
187660,4110,89746987500,131198,548638600,21836250
242040,2620,89713254000,1004797,2768155715,34241700
129260,3015,89689840110,330078,1039886755,29747874
338100,4805,89661300000,80378,386591520,18660000
068940,2585,89647081370,77243,198637690,34679722
041440,5000,89579720000,88928,456514025,17915944
002230,4550,89495055650,45465,219104910,19669243
052670,3070,89426226480,553970,1760978130,29129064
256150,10650,89385450000,72930,794775550,8393000
171010,7700,89373653600,837557,6660699470,11606968
099220,1680,89324655840,628913,1080936155,53169438
016600,523,89323592061,4821452,2576255720,170790807
127710,2950,89108903600,744651,2288490720,30206408
019175,40500,89100000000,72717,2965985750,2200000
090470,6100,89046628800,67774,415533430,14597808
033200,6210,88996658850,33944,216373050,14331185
211050,19800,88981002000,41,814400,4493990
049430,9820,88851360000,121523,1224566010,9048000
000440,14250,88736602500,68812,1003122100,6227130
083550,8250,88729690500,88809,743539270,10755114
195500,5620,88616160000,265737,1524332870,15768000
024800,2830,88518488940,142508,410686320,31278618
382800,12350,88483032300,237744,2955369950,7164618
025440,876,88450896468,545359,482572522,100971343
014570,8030,88330000000,52552,428045410,11000000
004450,41000,88329539000,957,39461400,2154379
105740,10450,88301580400,51036,527936500,8449912
006200,1885,88223911360,6178180,12646549620,46803136
004590,5880,88200000000,365283,2218783550,15000000
149980,6250,88124968750,188450,1206489310,14099995
020760,2555,88066470730,190719,499976290,34468286
014440,4400,88000000000,691406,3099737185,20000000
263800,5460,87963766800,356310,2047605140,16110580
023440,2525,87911531200,356053,929290850,34816448
309930,4285,87875455935,313010,1404261655,20507691
226360,1295,87839236170,609194,773267220,67829526
204630,2360,87812425800,1991023,4869203165,37208655
006580,3260,87531000000,0,0,26850000
289010,6800,87475451600,216179,1512674720,12864037
089790,8430,86959774590,237895,2060358490,10315513
039420,3600,86957028000,400308,1486743730,24154730
340360,2125,86934090000,1073325,2369647440,40910160
066110,1130,86834027360,0,0,76844272
086670,10650,86760533850,76278,833658200,8146529
336040,22000,86672850000,6391,136294700,3939675
037030,5010,86640149430,835816,4349961550,17293443
008260,3025,86515353925,260314,812510735,28600117
263860,9160,86512536000,538934,5232255620,9444600
011330,1190,86499269780,617807,750069700,72688462
065570,8010,86460020100,113001,902521430,10794010
090410,1875,86407678125,2357621,4622909140,46084095
317870,11250,86321868750,87585,990177850,7673055
013700,1910,86240854800,782865,1554436360,45152280
015540,6410,86229499400,0,0,13452340
019590,1200,86198582400,753804,908103805,71832152
106190,12150,86128701300,31894,400291100,7088782
293580,8980,86001460000,69616,626811450,9577000
219130,13600,85874344000,11376,159850300,6314290
059120,8780,85592672880,277511,2492095340,9748596
039240,3420,85500000000,1080751,3803967035,25000000
001080,20600,85490000000,17790,377012900,4150000
234070,24850,85330178500,0,0,3433810
158300,25800,85303443000,0,0,3306335
049800,4265,85300000000,44596,190910040,20000000
053260,4555,85269600000,78734,370577855,18720000
042940,1040,85107924720,945120,1012671845,81834543
900250,1255,85068734260,4522576,5957852370,67783852
273060,1750,84983048500,54354,96990135,48561742
322510,5600,84901538400,49953,282019160,15160989
054180,908,84782990904,2240007,2086992917,93373338
014710,4920,84715231560,92508,458401125,17218543
090710,675,84611187225,1550216,1063629957,125349907
001560,8450,84500000000,13323,112871090,10000000
060850,10350,84155850000,22901,244049300,8131000
076610,1030,84068341470,1373365,1445117890,81619749
021050,1770,84030024300,742879,1359489355,47474590
016790,13650,83954133900,48818,682592700,6150486
196300,14950,83758212200,36766,555006500,5602556
111870,773,83726099735,396177,305224303,108313195
073570,1030,83332019190,2985383,3185392965,80904873
216400,10800,83282202000,507,5280700,7711315
078140,7490,83038476710,40927,313544420,11086579
250000,12300,83034015900,85609,1079247350,6750733
222110,7780,83027615400,18323,143996030,10671930
303030,2320,82929949760,617219,1465709015,35745668
002070,2780,82827292200,559443,1600114985,29793990
017480,5270,82754230300,102081,543982590,15702890
143540,1850,82509805750,502402,959083935,44599895
046940,4565,82509407750,159652,751931520,18074350
123410,2960,82409549440,273588,832980455,27841064
056700,2820,82160956620,275482,784850850,29135091
092460,4650,81921221550,78069,374959535,17617467
008110,7800,81825486600,176367,1382479600,10490447
363250,12000,81732960000,276472,3400169000,6811080
006090,8670,81695147130,31316,274630890,9422739
069920,3160,81611303920,64003,207650390,25826362
037440,5850,81446478750,510146,3109882430,13922475
317530,11800,81422312800,536669,6769527800,6900196
046110,6790,81169201330,144727,1004308720,11954227
290380,5600,81078625600,344416,1995765570,14478326
317120,8400,81064200000,295695,2594333250,9650500
021820,8090,80900000000,0,0,10000000
079970,2150,80657533800,703443,1570194170,37515132
337840,25100,80572405600,5394,134776200,3210056
221980,19950,80494260000,77253,1584509450,4034800
076080,3865,80456723290,648381,2609649735,20816746
255220,1945,80406819315,10018279,20463806315,41340267
158310,1680,80373095040,0,0,47841128
155660,5010,80160000000,110168,565994950,16000000
138690,4680,80143085880,363359,1698979275,17124591
000040,830,79794015440,440001,378279111,96137368
058860,2290,79696580000,185462,431824230,34802000
037350,5150,79670500000,57038,297164590,15470000
219420,6940,79598378580,134512,962377020,11469507
139050,809,79574042528,1511911,1241517199,98360992
214680,1405,79557547545,763903,1098719270,56624589
038870,6850,79535308900,169641,1204661650,11610994
126870,2230,79475828550,0,0,35639385
221840,4490,79455789830,69864,316991840,17696167
343090,14550,79418628750,1581,22670950,5458325
049830,12950,79410850400,127751,1703581950,6132112
058730,4700,79319836700,149567,685066665,16876561
147760,7330,79309617780,100282,748957460,10819866
012320,33500,79228270500,5604,190258100,2365023
064520,944,79000034288,0,0,83686477
133820,2670,78898500000,180918,487909340,29550000
096690,522,78593936112,3497329,1877477033,150563096
097800,1830,78526004550,501097,936843970,42910385
115310,24500,78225633500,4340,107880700,3192883
006980,25300,78177000000,15189,396475100,3090000
092780,5930,78088967800,138286,835893610,13168460
134580,6940,78075000000,370586,2542350110,11250000
215380,6440,77878443440,445986,2956128020,12092926
021880,515,77859970120,103496,52390088,151184408
318010,9800,77707512400,155361,1545608890,7929338
010240,6300,77632984800,186086,1208727650,12322696
095910,4000,77586676000,279970,1144394060,19396669
042110,1605,77568950220,439360,714639735,48329564
226440,1340,77302745440,1456041,2045202390,57688616
900300,642,77256372618,1073823,697604748,120337029
238200,9430,77137400000,100291,972886340,8180000
032680,2155,77096851155,1479060,3300731870,35775801
000725,73000,76992589000,11712,877959800,1054693
005360,4070,76912039490,133495,548313360,18897307
237820,5990,76834568600,68855,424684030,12827140
101330,3205,76785992540,249248,828584495,23958188
321260,2850,76756439400,142762,416669370,26932084
086710,12550,76751407500,29086,374807750,6115650
106080,3110,76719035000,0,0,24668500
012280,1435,76621114675,945258,1378238395,53394505
290740,7600,76494083600,17934,139248810,10065011
006805,5430,76431322500,14712,81147780,14075750
043590,2485,76427772855,0,0,30755643
264850,2655,76336060860,113873,311347450,28751812
053270,2890,76279162860,235543,702471785,26394174
290690,9220,76128092460,85506,819589470,8256843
054090,3050,76125657600,830502,2585221650,24959232
196700,5290,75986321760,876763,4831055790,14364144
208140,2335,75957139040,585407,1412055655,32529824
170920,9470,75943367610,54451,521494490,8019363
036170,1355,75923757015,804540,1119890390,56032293
317240,833,75873016149,337207,287390777,91084053
041650,3530,75794218500,123265,449865555,21471450
119850,4605,75747225945,256398,1216024450,16448909
088910,2930,75687068520,176782,525894880,25831764
153490,1470,75675600000,571259,868597560,51480000
002920,2910,75507225000,105789,315649585,25947500
033100,4700,75493322300,175445,852305610,16062409
049630,934,75492454426,1594052,1530788005,80827039
078940,2325,75450948825,125085,297099685,32452021
032080,3510,75433511790,911575,3320810325,21491029
085310,943,75424300936,484286,465373394,79983352
026940,3770,75400000000,297505,1142308530,20000000
039010,8740,75382500000,32868,287833230,8625000
096350,460,75330064140,1744956,820128476,163761009
159910,263,75277601849,0,0,286226623
007370,6240,74880000000,233971,1521387650,12000000
043260,1400,74767537600,760408,1089902360,53405384
004780,4700,74745035300,116669,560065045,15903199
052600,6460,74701502000,138032,918932300,11563700
025890,6600,74641109400,212390,1476243650,11309259
032940,4100,74592243000,97906,402722055,18193230
067920,6780,74553686820,50821,354379420,10996119
071280,4870,74494456610,165673,828898770,15296603
044990,9890,74284422960,7091,69209440,7511064
067010,6040,74255760000,1578655,9950711310,12294000
066900,3255,74033357265,353613,1190832230,22744503
149300,2140,73867041260,53807,113746590,34517309
164060,9450,73852317000,192735,1896418420,7815060
073110,8300,73834766500,88711,762319860,8895755
045510,2290,73759278680,367184,861130655,32209292
318410,13250,73606969750,36540,489593100,5555243
352940,6770,73574532100,52354,367901260,10867730
003080,3670,73473400000,72055,273977745,20020000
323350,80000,73400000000,1,80000,917500
900310,1355,73170000000,277717,382108420,54000000
014100,6200,73160000000,0,0,11800000
014990,1240,73076913800,485204,608609975,58932995
228340,3650,73000000000,99454,374586880,20000000
148780,13900,72965520200,2610,35957800,5249318
092300,4230,72925779510,677565,3043154260,17240137
094940,8720,72911285920,199249,1754238210,8361386
260970,17950,72866589000,7183,126885050,4059420
010100,2390,72776503800,332825,805581315,30450420
075970,3955,72772000000,285310,1177124510,18400000
002870,2080,72714096000,421566,908547180,34958700
115500,6050,72600000000,93848,583491830,12000000
087600,8870,72437369460,85008,781968020,8166558
000850,32900,72380000000,5494,181097400,2200000
095270,4820,72161453920,66379,319957100,14971256
303360,6450,72089811750,752,4808900,11176715
024120,6240,71760000000,45661,287704040,11500000
169330,8000,71747672000,43772,358220050,8968459
013810,4890,71665248300,101940,512433630,14655470
075130,7990,71590400000,220294,1789173230,8960000
040610,2100,71583111600,1511312,3500415795,34087196
217190,8160,71556459840,81484,679009700,8769174
005860,1815,71517688275,447580,833112940,39403685
065500,610,71500882820,0,0,117214562
024880,4035,71493138750,257225,1080705160,17718250
001380,1590,71492987370,744622,1266066920,44964143
053620,8310,71466000000,24836,211770420,8600000
192410,2465,71312201035,131648,332407220,28929899
145210,450,71230160700,1187743,545378956,158289246
010470,5940,71131797000,69769,428021370,11975050
307280,1950,71086095600,327703,647643315,36454408
093640,3895,71077085655,406062,1540385965,18248289
299170,2430,71048250090,9962,24460860,29237963
036180,2235,70978953435,236150,541312910,31757921
215790,1760,70898342240,398546,718027550,40283149
218150,3780,70577997840,270464,1061035875,18671428
056360,7180,70341024000,45343,332325730,9796800
053050,2340,70170976980,1096894,2653737035,29987597
036690,4590,70168849290,147209,697587020,15287331
004870,904,70034838968,152513,139270558,77472167
187220,6190,69843571290,28679,178032890,11283291
008420,3405,69814434525,275378,978629960,20503505
060540,2660,69514593960,658282,1787184225,26133306
063760,7440,69378967200,145419,1090074450,9325130
333430,2255,69288814485,44234,101511750,30726747
023350,6310,69094500000,71590,466595890,10950000
009620,1575,69021062775,1327498,2216656685,43822897
101240,6800,68939651200,22425,153014160,10138184
011420,2500,68874110000,1600957,4187169520,27549644
114840,16700,68808609200,44551,765211400,4120276
096640,1815,68785490730,0,0,37898342
142210,5470,68708287100,108097,597394460,12560930
051780,552,68681192400,1531492,872526729,124422450
017370,3750,68677702500,583977,2278696730,18314054
279600,14650,68632041650,30596,446541400,4684781
023150,9280,68472721280,168802,1601864360,7378526
043340,951,68472000000,465668,449668402,72000000
294630,3190,68231420400,92601,300790865,21389160
001275,22700,68100000000,499,11254000,3000000
318000,8310,67949415750,252984,2168648100,8176825
179530,8820,67852648080,5763,51429640,7693044
053160,11300,67800000000,176641,2115292500,6000000
039670,7360,67797501120,0,0,9211617
115440,7420,67796124480,61421,460239290,9136944
002220,2535,67678061100,128091,330393150,26697460
277070,4950,67602150000,203958,1064160855,13657000
189860,6970,67600496600,272205,1953045980,9698780
250060,2100,67559759400,565778,1222814425,32171314
019180,3750,67500000000,530913,2053178750,18000000
080520,5740,67425535660,154874,922447090,11746609
222980,6400,67422688000,140122,922771760,10534795
198080,3130,67405129050,244898,784953005,21535185
000105,57000,67313580000,1661,95344600,1180940
308100,10200,67286340000,40682,432862200,6596700
080720,8500,67181688000,85209,749251800,7903728
361670,11850,67161747300,264500,3138949800,5667658
220180,3460,67151680000,80766,289452805,19408000
032980,1000,66900777000,574535,580629505,66900777
045340,7780,66581551200,146579,1180242810,8558040
083640,1490,66541565810,502985,775233415,44658769
037400,2535,66476182110,288506,743762035,26223346
001620,762,66460098474,646952,501107157,87217977
000590,57500,66382715000,3952,231546800,1154482
109070,4100,66185504600,0,0,16142806
072130,4975,65647383650,895792,4723588310,13195454
052900,1400,65639698600,631907,919518270,46885499
101000,914,65580223888,186153,172753880,71750792
054040,4070,65410150300,191504,801636045,16071290
002140,2620,65341293500,205061,554325230,24939425
114190,2500,65307595000,0,0,26123038
131400,1395,65277995490,642801,928814735,46794262
025620,877,65268623708,586413,523181577,74422604
045060,3850,65226599900,100343,395180175,16941974
024740,2175,65013638400,548755,1233524560,29891328
010770,4430,64790814380,67136,308843000,14625466
065060,661,64783317084,528164,357171333,98008044
019570,498,64761763596,1574153,792143028,130043702
094840,6180,64715971200,112928,723611720,10471840
097870,7620,64693800000,169149,1311876710,8490000
032800,100,64680866000,16648490,1688305453,646808660
114630,4765,64679943225,42550,201003735,13573965
009770,25750,64374253250,4693,123575500,2499971
031860,1115,64327705035,216206,245892325,57693009
085910,4680,64258828920,104473,504696705,13730519
222420,1600,64253080000,253777,412940935,40158175
258790,2570,64227599880,760891,2046289490,24991284
147830,3210,64200000000,222383,724924725,20000000
900290,951,64073625000,0,0,67375000
223250,11300,63947310200,27925,318290000,5659054
011560,6040,63601200000,44635,272322700,10530000
003010,5000,63563735000,162686,839353995,12712747
085810,2140,63527545660,294834,638746075,29685769
043100,1045,63493372360,11334924,12714551902,60759208
005110,950,63450755550,4176764,4190519129,66790269
052460,4340,63398442240,257632,1152232545,14607936
190650,9900,63241200000,49344,500776230,6388000
217480,2815,63098410790,210219,610882875,22415066
145270,1365,63095933355,535964,746068690,46224127
069110,2630,62963935800,0,0,23940660
126640,1730,62926824510,957618,1717974570,36373887
246250,9150,62820267450,2529,22965970,6865603
123700,4015,62653665470,66930,274983045,15604898
016100,3280,62650932320,64855,216020920,19100894
003310,1770,62644459500,1281904,2406379110,35392350
035200,6430,62567693700,363746,2427855710,9730590
050090,790,62519764180,720309,583506144,79138942
140520,2960,62483359280,151360,453178010,21109243
031310,3800,62471612400,153966,594182785,16439898
032540,4480,62413608320,110894,507165775,13931609
222160,7650,62300574900,3279192,26103950870,8143866
290120,5430,62084442570,31131,173855820,11433599
069730,4300,61920000000,219524,960503145,14400000
290270,6430,61777330960,371527,2352152370,9607672
003535,12850,61680000000,42604,560951500,4800000
286750,6620,61579690160,219709,1478627220,9302068
014130,5130,61560000000,105203,561540410,12000000
000950,36600,61488000000,5953,227185650,1680000
215100,3020,61452331080,116443,362770270,20348454
037760,1815,61406751615,242254,457149650,33832921
009310,1105,61359063220,553823,615185790,55528564
046970,1910,61214800940,0,0,32049634
189690,7050,61149169050,69863,494605650,8673641
078935,34250,61130290500,11450,395901050,1784826
267790,7750,61112625000,72217,566180360,7885500
277410,1915,61018409085,558127,1109411275,31863399
091340,5210,60976386410,98383,521731880,11703721
226340,1985,60938698060,293783,596721470,30699596
006050,1745,60892199035,767755,1396872450,34895243
115570,7610,60762105880,118415,937465700,7984508
066360,1295,60699724330,103044,133296180,46872374
103840,4250,60596500000,52349,228789680,14258000
021650,3700,60497083100,200561,762512260,16350563
065440,2215,60414169300,2898870,6825420375,27275020
044380,1105,60346358345,2382668,2699777325,54612089
263540,40300,60278604100,0,0,1495747
059210,2525,60252436275,342453,899714130,23862351
064480,5040,60240600000,156562,809589700,11952500
178780,1730,60240302320,0,0,34820984
080010,6680,60220200000,59912,408208110,9015000
197140,6800,60212946000,0,0,8854845
215480,1250,60093486250,732165,947455070,48074789
046310,3660,60092226060,370924,1381307855,16418641
217880,13550,60030754700,1297,17590600,4430314
117670,2750,59961225500,139126,390188425,21804082
017510,3930,59916780000,238828,959296295,15246000
199150,14300,59913753900,7920,114087000,4189773
073010,1655,59898185335,185447,318915310,36192257
131760,1395,59882876235,816309,1161809850,42926793
019770,5140,59881000000,176227,937649600,11650000
060380,3030,59691000000,184844,569078250,19700000
104040,1905,59628940305,595242,1147693115,31301281
001810,2690,59549875000,175689,486989445,22137500
031510,2125,59500000000,246221,538959865,28000000
008870,59500,59500000000,7567,455003500,1000000
025560,13350,59434293450,107294,1421235200,4452007
257370,9210,59319850890,0,0,6440809
059270,6270,59314200000,65229,422248170,9460000
043090,1590,59188907520,260875,428889485,37225728
006880,5000,59144290000,25605,131147150,11828858
252500,1425,59118105750,477808,688581160,41486390
090370,891,59105656665,394625,358336065,66336315
052860,3300,58947418200,192934,665926625,17862854
233250,33700,58858195800,2,65700,1746534
050860,2615,58837500000,183047,487752210,22500000
082660,1225,58741730425,646986,784604495,47952433
250930,1780,58740783200,262039,480022215,33000440
000215,34700,58508190500,3857,136295000,1686115
066910,2170,58364669370,358728,810200670,26896161
238120,8110,58306423280,50330,421940640,7189448
353190,1600,58304672000,154304,252618105,36440420
080470,7980,58254000000,131181,1071457680,7300000
100660,4605,58023000000,90786,430583375,12600000
005670,5800,58000000000,94526,568751010,10000000
100030,17650,57957552100,7133,126461200,3283714
038950,5670,57895037550,93157,536686330,10210765
039310,3180,57626901060,56327,178255825,18121667
007120,445,57620445860,1743813,802266203,129484148
007610,3200,57600000000,459357,1538934065,18000000
246720,5000,57462615000,21777,109449975,11492523
065770,2950,57262833500,394882,1212641250,19411130
032750,9510,57060000000,32250,312872230,6000000
127120,3480,57050048160,115503,411854380,16393692
115530,839,57020957000,0,0,67963000
008370,4750,57000000000,255240,1230905455,12000000
054630,715,56992264615,842344,621300373,79709461
018620,1970,56911907210,297802,599916955,28889293
208370,2625,56911480500,123081,333144510,21680564
067730,5880,56882661360,153360,930435100,9673922
094970,3395,56860274800,295072,1049362845,16748240
001020,1390,56851221010,114584,164661125,40900159
024840,1725,56840212800,690841,1223903495,32950848
177830,4000,56794816000,220594,912135910,14198704
001210,2960,56791841680,145537,434939845,19186433
322180,10350,56575687500,19317,206569500,5466250
062860,5720,56471958400,13194,76819700,9872720
225430,2025,56471276250,194815,399879920,27887050
056000,2860,56399843500,0,0,19720225
002820,4470,56357710830,45088,206663155,12607989
038010,6260,56340000000,1839417,12128265590,9000000
012620,12800,56320000000,165262,2148901100,4400000
010280,880,56288349920,180226,160835758,63964034
138070,6270,56255587410,47842,304936330,8972183
900280,318,56150401938,1783349,594057934,176573591
131220,7500,55908675000,92305,722849540,7454490
224060,204,55847057952,3497340,726420542,273760088
290660,2950,55773526000,147782,438123290,18906280
050120,4110,55748393460,64516,277607355,13564086
027740,1400,55572325200,475595,676993285,39694518
049520,2550,55551586800,117860,301099430,21784936
050760,3400,55537905200,50252,174283430,16334678
174880,2890,55284119170,541376,1620488505,19129453
246960,10950,55233814800,13677,153398050,5044184
007630,1225,55134426375,0,0,45007695
049120,1950,54727274550,238912,479259860,28065269
226400,3245,54428560230,57234,188625155,16773054
154030,5070,53843242830,93128,488976000,10619969
299910,6530,53591161480,186261,1268132560,8206916
177350,4665,53554657170,0,0,11480098
021040,702,52929775080,505363,361725004,75398540
069640,4100,52928220200,31878,134249640,12909322
079950,2280,52896000000,138456,326423805,23200000
203450,3600,52844425200,167472,598689480,14679007
026040,3200,52812128000,161991,527487950,16503790
005305,68100,52798611000,1211,82620300,775310
33626L,17650,52708195000,13797,245434450,2986300
033340,1055,52653176320,0,0,49908224
002690,2590,52577932400,160117,423941080,20300360
391060,2060,52530000000,118983,245609475,25500000
024830,6280,52438000000,0,0,8350000
023790,3565,52308831460,263642,962525715,14672884
048470,5230,52300000000,116158,627631760,10000000
039610,5020,52260208000,141500,734567740,10410400
054540,4010,52130000000,139717,585599025,13000000
008290,1280,52087909120,610768,812979465,40693679
356890,11150,51745254500,130227,1469147950,4640830
008775,68800,51729275200,17199,1205027900,751879
003475,4005,51713409060,35155,140223825,12912212
263810,3630,51708326340,310282,1165782175,14244718
131090,1230,51660000000,343928,434193750,42000000
217620,1355,51543323315,301772,402393325,38039353
019685,2650,51481523500,101177,278405655,19426990
010400,6750,51448500000,5055,34480950,7622000
006920,4700,51324000000,163185,790553935,10920000
122690,2625,51295770750,56393,146293495,19541246
131180,1745,51215750000,298822,538950840,29350000
071850,3090,51198790920,76580,239494585,16569188
007530,2670,51195786840,57309,150919160,19174452
123840,651,50977191027,291260,193877796,78305977
036480,13400,50920000000,63206,861266100,3800000
900340,1060,50851833680,303240,331492680,47973428
184230,1100,50793386600,635656,726368895,46175806
049470,957,50589172293,529855,520083959,52862249
051630,4210,50520000000,69564,302656325,12000000
007770,14350,50368500000,59573,895377850,3510000
059100,7100,50203106000,187656,1366110430,7070860
071090,2510,50198594400,284250,726481430,19999440
010660,2280,50160000000,220656,511751305,22000000
018680,5880,50124195240,45915,272163230,8524523
332370,7520,49909209760,24687,184744570,6636863
900070,928,49874402304,588376,563251329,53743968
084670,17150,49659008350,6386,112098200,2895569
081580,3200,49626057600,118099,382705785,15508143
025530,3305,49356896440,22288,74700915,14934008
054930,16450,49350000000,24841,419357950,3000000
083660,1295,49124677630,44821,58977435,37934114
046070,1255,49025641280,257615,324082355,39064256
060300,1830,48840480210,0,0,26688787
013000,1700,48798552700,525797,912818075,28705031
001000,2010,48797855400,166404,342953380,24277540
032960,13900,48695661500,96575,1392859700,3503285
028080,3870,48674948220,77893,306969980,12577506
005257,57400,48559826000,585,33820900,845990
123750,3795,48372197115,66039,256226345,12746297
024070,3150,48278279700,247984,826196465,15326438
008830,5370,48262982400,23606,127317740,8987520
254120,2175,48246321975,258194,574071845,22182217
032580,1455,48207153120,357141,529935765,33132064
003465,2755,48147550875,4908,13326135,17476425
079650,2405,48100000000,73920,185681895,20000000
027040,691,48085893277,267815,191310837,69588847
221800,18950,47858414500,130,2349200,2525510
204020,2375,47850146250,104939,256510545,20147430
079190,1505,47835216485,280521,439298615,31784197
33637L,29050,47817752500,8073,242481450,1646050
212560,6060,47722275780,80202,492464710,7874963
011080,1225,47720693300,401694,512775375,38955668
036000,2055,47335439235,78956,168308375,23034277
099440,1540,47331297860,206271,314636055,30734609
035290,1305,47272202550,0,0,36223910
101170,3500,47250000000,90256,322208680,13500000
219750,2700,47090127600,141583,392413270,17440788
153460,7200,47016100800,33487,250187400,6530014
320000,2530,46802844440,82818,210627525,18499148
079810,3400,46474647600,739963,2384186550,13669014
039980,1065,46408744590,423563,462592070,43576286
054300,798,46390951950,1432592,1182173670,58134025
069140,6530,46380911790,64051,425133180,7102743
096610,4415,46244471585,247812,1114493125,10474399
208350,5520,45852106320,38836,220930340,8306541
006570,2995,45598875000,26593,80918995,15225000
115480,1010,45595970250,1372824,1407999393,45144525
015260,2040,45566274360,272960,551248440,22336409
222810,314,45530275692,1381807,451263221,145000878
051390,3990,45307918320,107672,429939220,11355368
006125,33350,45304474250,8755,298914700,1358455
331380,2505,45236747910,149350,393055005,18058582
091970,1610,45209484250,0,0,28080425
050320,990,45205142400,0,0,45661760
038060,939,45168781791,304988,292248242,48103069
002290,3635,45074000000,221117,822725925,12400000
317770,14750,45046795000,13858,210071500,3054020
024850,1110,45036724860,149279,167951580,40573626
173130,3795,45010331850,55223,210609055,11860430
004100,1225,44957500000,406540,515163900,36700000
011300,787,44747135820,0,0,56857860
227100,9170,44698238830,115670,1096282040,4874399
155900,2940,44688011760,55852,166041205,15200004
084870,2135,44529308565,69627,151940680,20856819
009140,28300,44453555100,7206,202464650,1570797
148140,1480,44449267720,2258324,3556500450,30033289
024940,4430,44300000000,116771,538922870,10000000
223310,3320,44267239920,0,0,13333506
212310,7390,44076184390,332,2385290,5964301
00499K,44600,44047985800,1022,46429300,987623
008470,5240,44041152000,123806,668015400,8404800
048770,2970,43877508840,112460,341259520,14773572
045300,4565,43763052685,201343,955578685,9586649
202960,3655,43551452210,44480,167733955,11915582
225590,1635,43551025755,632115,1050712010,26636713
065420,639,43500682854,0,0,68076186
123330,6200,43400000000,27459,166319700,7000000
014910,2225,43358256825,297332,681361725,19486857
900260,240,43237546320,690119,166030258,180156443
010640,4320,43200000000,124730,552754265,10000000
119500,3640,43123924480,169013,626358815,11847232
106520,3265,42965767500,153452,515152320,13159500
160600,3100,42720312600,0,0,13780746
086060,4960,42708511520,283392,1452860055,8610587
204840,823,42702872612,359207,308196059,51886844
243870,16500,42632782500,1520,25807000,2583805
187790,1570,42496281150,727630,1178582090,27067695
234920,3140,42487057400,29668,92201315,13530910
131100,3645,42437382705,104716,391696030,11642629
043710,1070,41849180880,402034,436853120,39111384
162120,4100,41821906500,4263,17511990,10200465
376180,13650,41790539700,65466,941182050,3061578
072950,6700,41746755300,141920,970512480,6230859
000760,14900,41720000000,3504,51434350,2800000
043200,997,41678902055,130685,131919540,41804315
005820,18100,41593257000,3049,56171550,2297970
030720,8930,41558478650,69478,628990120,4653805
317830,5100,41543070000,22724,120228090,8145700
025880,2475,41371748550,199403,509176530,16715858
237750,6340,41188444000,110064,726233390,6496600
200580,11050,41173172950,1375,15420050,3726079
052770,2085,40936750305,0,0,19633933
056090,4395,40772080980,25612,115591495,9276924
089530,1305,40406508810,318439,432974110,30962842
079000,5610,40392000000,69825,411842630,7200000
090740,2105,40260402610,0,0,19126082
001420,5290,40204000000,214105,1147705610,7600000
025870,10000,40000000000,72510,746878800,4000000
030790,2645,39931723700,297871,814046910,15097060
011230,3810,39844751400,52288,202560315,10457940
107640,9970,39844387160,1078,9191740,3996428
054940,1200,39808257600,552107,685045895,33173548
153360,2450,39566985500,22677,55653755,16149790
187270,3885,39408837825,120872,482072920,10143845
062970,4225,39327081625,1558763,7327089760,9308185
080530,1390,39324904220,164484,235541235,28291298
003495,35400,39322107600,7199,260316950,1110794
019490,5360,39242403840,1778781,9612544665,7321344
065690,2785,39127386835,46234,128311905,14049331
317850,4700,39124774000,46873,227499655,8324420
019540,2895,39121582500,84577,252899245,13513500
101390,582,39104511906,1311006,752364566,67189883
020180,1015,39005348725,955674,993634435,38428915
018500,834,38993614122,200132,172347185,46754933
192390,3645,38844385920,269422,1014723650,10656896
009835,34550,38825113350,4749,166471050,1123737
067770,4610,38708293730,90865,425736920,8396593
175140,7600,38564588800,24179,185982630,5074288
033250,1205,38560000000,177047,217431055,32000000
066790,685,38363469525,229697,160024070,56005065
093380,3880,38331734440,114459,461535145,9879313
044780,2070,38306979090,222469,461125645,18505787
060260,1140,38114475000,316088,360994875,33433750
060480,3435,38094150000,99651,350764595,11090000
083470,2775,38051513175,0,0,13712257
154040,2750,38019344000,159397,452416230,13825216
079170,7300,37960000000,55979,416471280,5200000
033050,1165,37954933430,736283,885480480,32579342
076340,7790,37948673400,574,4363330,4871460
099520,1285,37652662655,0,0,29301683
101400,1165,37624733985,134861,159954290,32295909
393210,9790,37529671300,104,988390,3833470
073540,3290,37506000000,164187,550311260,11400000
140910,8880,37450423200,56147,505776870,4217390
004920,930,37155098670,238638,225199378,39951719
163430,5890,36998494420,9243,54067690,6281578
258250,8230,36829274690,7314,60346830,4475003
134060,7670,36580147500,55622,422843370,4769250
001465,169500,36507757500,158,26623500,215385
010420,1780,36477561360,168813,298367210,20493012
110020,5680,36018975920,200229,1108220640,6341369
341310,2075,35883805000,5695,11557660,17293400
003925,213000,35499006000,209,44744500,166662
130740,3125,35239621875,221728,700637160,11276679
103660,5950,35208952450,0,0,5917471
172580,2695,35154927500,69276,187382300,13044500
002680,1240,35054785120,174351,218227505,28269988
069330,2550,34628291100,82791,210103135,13579722
032280,2135,34616014650,498743,1106325415,16213590
005030,604,34337108268,446469,270367985,56849517
379390,12000,34097520000,1,12000,2841460
302920,7490,34097168910,11,79990,4552359
402420,15200,33843408000,7304,105168900,2226540
012600,2490,33838831080,0,0,13589892
035460,2315,33746542100,204901,497260145,14577340
070590,2430,33727236030,214678,532694405,13879521
191600,11800,33630000000,7,80120,2850000
317860,8900,33510796200,6,51900,3765258
900120,278,33485007148,3301070,968188590,120449666
900270,418,33440000000,524840,221703181,80000000
278990,9200,33379642400,44,391480,3628222
003680,5360,33283000400,40684,230229810,6209515
099410,2455,33243159910,77118,193957655,13541002
048830,1770,33141343710,187551,344123865,18723923
275630,5500,33098939500,45652,253904130,6017989
039740,4105,32915519685,67832,297242110,8018397
084440,9770,32856119200,161,1536320,3362960
207490,9100,32760000000,1,9100,3600000
344860,17550,32643000000,293,5141700,1860000
263020,4175,32411368350,412734,1780969005,7763202
092590,4410,32153742180,93,375490,7291098
096870,4810,32123104000,234857,1169145170,6678400
066430,1955,32082265530,130030,261667730,16410366
214310,700,32057225900,0,0,45796037
088790,2565,31928463360,101502,272291930,12447744
001770,26200,31829803600,12886,337565850,1214878
286000,7000,31747380000,1028,7136000,4535340
266470,2250,31740405750,17317,39171140,14106847
071950,1020,31525354200,309168,324030195,30907210
204210,4010,31385528150,9225,37287050,7826815
232830,3285,31237170120,312,972145,9509032
191410,3310,30991602820,112923,383509090,9363022
121850,1985,30766058890,691547,1397324060,15499274
322970,4500,30507201000,11,49550,6779378
182690,1440,30474933120,0,0,21163148
073190,2485,29740579400,153660,378646540,11968040
054410,5850,29601000000,35077,209188350,5060000
020400,9240,29467893840,21452,200900490,3189166
150440,3035,29031025420,11101,33677365,9565412
227610,1295,28721608160,236768,309259390,22178848
323230,1405,28481682300,7849176,12846774135,20271660
112190,3985,28394133205,3292,13135795,7125253
136660,2965,28000867000,582,1740130,9443800
017250,1325,27885243775,35239,45961705,21045467
064510,2750,27821777500,0,0,10117010
258540,5290,27581901300,92,473590,5213970
219550,3450,27540611700,43885,157328560,7982786
052190,8850,26981756100,0,0,3048786
114120,1285,26935289775,256289,332863470,20961315
251280,9930,26929167000,3483,34701980,2711900
35320K,12850,26927419150,29409,390517200,2095519
070300,3650,26886170100,40903,149268955,7366074
108675,26000,26840580000,5641,149830800,1032330
008500,22300,26760000000,21674,519841650,1200000
098660,2140,26752088640,111698,244689195,12500976
009730,905,26398999325,0,0,29170165
113810,802,26167696902,528508,434619392,32628051
010145,227000,26069815000,768,175082500,114845
004365,7040,25972320000,2334,16411840,3689250
36328K,20650,25922729700,6949,146723200,1255338
900110,152,25765483064,1137577,173554234,169509757
026910,4010,25685674050,99316,407074745,6405405
044180,1165,25296629425,345015,417704015,21713845
208860,2205,25233717915,0,0,11443863
101670,1335,25231500000,198730,267169895,18900000
002420,6160,25107667200,0,0,4075920
086220,2355,24901452075,100,235500,10573865
127160,282,24427827282,0,0,86623501
043360,2685,24165000000,110864,308438335,9000000
279060,3495,23881597125,512,1768340,6833075
227420,2765,23822142295,3026,8269780,8615603
351320,5430,23511900000,75272,407870640,4330000
091440,2555,23444360625,101179,258515565,9175875
004835,16550,23037600000,64210,1113668050,1392000
210120,12000,22740000000,277,3324000,1895000
257990,5800,22693051000,786,4511520,3912595
007815,7600,22531644000,34461,266810540,2964690
135160,2350,22504382550,22329,52245995,9576333
224760,5710,22495687000,0,0,3939700
222670,7830,22488151500,3469,26458110,2872050
096300,160,22028833760,5534784,883049632,137680211
369370,5230,22018300000,243822,1284773240,4210000
001685,15900,21786545700,7527,120547100,1370223
058450,685,21741900000,0,0,31740000
053060,1245,21736463715,409908,520536925,17459007
053660,400,21280401200,0,0,53201003
058530,1620,21187053360,0,0,13078428
281310,7990,21180611100,3123,24469060,2650890
215570,4170,21175497690,6,25010,5078057
238170,1015,21086304260,18213,18347245,20774684
000087,18450,20851046100,4355,81209600,1130138
045890,240,20823884880,0,0,86766187
161570,1320,20569335600,100749,131056660,15582830
002025,18950,20397590500,6625,125291550,1076390
253610,2600,20208611800,2,5340,7772543
224810,4800,20160000000,48,226490,4200000
064090,1830,20110618470,35440,67742500,10989409
001795,3080,19966900800,86611,267823370,6482760
221610,2995,19931117015,0,0,6654797
000075,65500,19915799000,250,16416900,304058
066830,3510,19891801800,1416,4792480,5667180
38380K,13500,19781347500,8542,115619750,1465285
331660,17800,19580000000,4,71200,1100000
053110,3960,19563782040,0,0,4940349
309900,1950,19500000000,0,0,10000000
002355,2980,19370000000,13162,39569180,6500000
149010,6200,19344000000,1664,9906590,3120000
363260,2810,19136100000,0,0,6810000
141020,108,18839533608,0,0,174440126
078650,5010,18733867950,200441,1069483500,3739295
299670,3370,18366500000,9,29000,5450000
093510,3040,18300800000,11,29685,6020000
103230,2505,18036000000,0,0,7200000
178600,4000,17798400000,1,4000,4449600
000225,7770,17614046100,26203,202351450,2266930
18064K,31750,17042320500,2801,89208650,536766
236030,8480,16790400000,9,67780,1980000
208850,5950,16780487500,1,5950,2820250
004255,3160,16684800000,7402,23580755,5280000
038340,445,16641828315,0,0,37397367
115610,2140,16411933920,395789,869354160,7669128
359090,2305,16158050000,206392,486196465,7010000
206950,3840,16063998720,0,0,4183333
377630,3985,16019700000,72984,303658125,4020000
299480,1440,15985069920,43,47585,11100743
323940,2040,15956880000,19547,39721355,7822000
000885,33000,15816702000,1072,35810750,479294
391710,2100,15666000000,64792,136505045,7460000
393360,2085,15324750000,10498,21899150,7350000
266170,2595,15110778420,16,40095,5823036
336060,2535,15032550000,0,0,5930000
001515,3840,15024053760,3114,12004595,3912514
250030,5800,15018154600,162,892600,2589337
336570,2675,15006750000,0,0,5610000
380320,3105,14935050000,53107,174637080,4810000
223220,638,14925135940,0,0,23393630
050540,2820,14434336380,0,0,5118559
368770,2995,14405950000,1711969,5484379000,4810000
145995,38850,14377219500,859,33647900,370070
199290,2930,14318324000,0,0,4886800
009415,10950,14258454900,3319,36293050,1302142
033790,829,14190075900,0,0,17117100
367480,2115,13726350000,5909,12447905,6490000
258050,1850,13708668350,4758,8304840,7410091
224020,4055,13704221230,2522,10098065,3379586
342550,2080,13522080000,1163,2424845,6501000
328380,2045,13255690000,29533,60420080,6482000
388220,2100,13251000000,15145,31800265,6310000
122830,2000,13100794000,2823,5646000,6550397
340440,2715,12787650000,77799,213400265,4710000
367340,2100,12705000000,5668,11895070,6050000
189350,2555,12264000000,1,2555,4800000
101680,1440,12101760000,0,0,8404000
005725,3330,11989998000,2104,7046780,3600600
367460,2175,11962500000,12531,27614160,5500000
387310,2185,11930100000,62109,137886385,5460000
332290,2280,11867400000,110218,254836960,5205000
340350,2075,11848250000,36425,75416285,5710000
365590,2545,11707000000,0,0,4600000
233990,830,11592042280,12495,10107753,13966316
007575,25800,11483064000,1510,39185350,445080
00806K,9420,11420402940,7493,71217870,1212357
377400,2105,11382787500,16539,34948775,5407500
340120,2260,11345200000,27096,61525810,5020000
355150,2120,11278400000,3568,7525705,5320000
311060,4360,11137663600,0,0,2554510
000995,98700,11085589200,700,69984600,112316
351340,2120,10960400000,32496,68303895,5170000
310870,3175,10858500000,70198,229307770,3420000
238500,672,10804377024,12895,8745237,16077942
388800,2145,10746450000,61488,131303880,5010000
248020,22500,10734862500,35,824800,477105
058220,275,10717917100,0,0,38974244
353490,2090,10575400000,12216,25534790,5060000
353060,2065,10562475000,25203,52523470,5115000
322190,1180,10531732460,5851,6566185,8925197
244880,2085,10466700000,11,22940,5020000
333050,2070,10370700000,26306,54301925,5010000
121060,1695,10138930650,1,1695,5981670
183410,2450,10072344450,1890,4090730,4111161
367360,2080,10067200000,27147,56690090,4840000
341160,2105,9914550000,11516,24246025,4710000
386580,2360,9817600000,112941,272889030,4160000
001755,18700,9817500000,1274,23973400,525000
086460,5350,9757597500,1037,5547950,1823850
271850,3100,9681300000,12,37105,3123000
236340,4015,9657604715,11447,46184765,2405381
004985,13050,9600167250,16785,225980400,735645
242350,1995,9499232400,6846,13645395,4761520
313750,2035,9462750000,54883,111686905,4650000
084695,10300,9408864600,3831,38946940,913482
366330,2050,9327500000,73556,151164530,4550000
217320,8870,9313500000,113,1002310,1050000
001745,81500,9262312000,187,15287800,113648
332710,2100,9261000000,27396,57587350,4410000
26490K,11900,9205364000,6904,84078650,773560
327970,9200,9200000000,7,64600,1000000
372290,2130,9167520000,25841,55042030,4304000
012205,6500,9100000000,2503,16126280,1400000
344050,2095,9018975000,13814,28896915,4305000
353070,2070,8921700000,24227,50235515,4310000
330990,2070,8903070000,11442,23560120,4301000
337450,2060,8878600000,39615,81608990,4310000
317320,2035,8872600000,154038,312847290,4360000
348840,10500,8846250000,0,0,842500
208890,2805,8838050100,0,0,3150820
090355,18950,8776237700,3134,60357200,463126
266870,1365,8747848200,48,65425,6408680
343510,2155,8641550000,15824,34165345,4010000
002995,29450,8607233700,1067,31963200,292266
373200,2400,8448000000,154968,377873680,3520000
179720,8000,8396664000,29,246000,1049583
014825,31100,8252633800,1170,37039700,265358
004415,3705,8241772500,6385,23942365,2224500
331520,2115,8206200000,16555,35025650,3880000
003075,25900,8101597700,1910,51698750,312803
329560,2050,7892500000,24955,51243260,3850000
185190,2125,7852831250,25,53125,3695450
004565,71000,7799492000,239,17209800,109852
058420,2160,7799412240,0,0,3610839
011155,38100,7620000000,276,10467300,200000
349720,2080,7529600000,45013,93545970,3620000
004545,20500,7506280000,535,11100500,366160
00781K,9390,7358933610,4700,44521590,783699
388790,2150,7331500000,144400,308701045,3410000
006345,2755,7221406000,31129,88845420,2621200
004105,2175,7177500000,27695,63420125,3300000
323280,2045,7167725000,24941,51124310,3505000
121890,739,7101198800,0,0,9609200
114570,620,7030424280,0,0,11339394
005745,11700,7028494200,4331,51343700,600726
014285,11900,7019512500,4197,50604000,589875
08537M,21150,6869794950,296,6370500,324813
140290,648,6839704800,1005,560588,10555100
000145,14500,6826745000,791,11612800,470810
005965,29950,6760673400,10215,307212100,225732
000325,36100,6687525000,2585,93767550,185250
373340,2200,6644000000,48460,107799370,3020000
335870,2115,6598800000,89735,189746615,3120000
323210,2050,6560000000,33708,68599245,3200000
217910,499,6482270478,238,116436,12990522
270020,2040,6423998760,0,0,3149019
285770,1780,6310776400,53,94415,3545380
347140,2080,6258720000,20452,42391430,3009000
008355,20150,6203983500,1444,29287450,307890
001065,33800,5999026800,185,6158700,177486
288490,161,5940417000,0,0,36897000
021045,1345,5706116770,14206,19210595,4242466
000545,7400,5683200000,3440,26109830,768000
001067,57800,5377018400,155,8863000,93028
308700,1275,5100000000,1,1275,4000000
014915,8470,5082000000,740,6346130,600000
000227,15500,5046180000,679,10736100,325560
016385,92000,4911420000,273,25198100,53385
002785,5700,4886142600,1124,6521960,857218
276240,726,4845614400,24369,15762581,6674400
116100,769,4798549234,1,769,6239986
001527,14300,4412536700,2463,34911700,308569
001525,7100,4385890100,3076,21777170,617731
002787,14400,4245235200,4240,60152100,294808
140660,1545,3842804340,0,0,2487252
318660,1785,3787950285,1,1785,2122101
215050,1760,3734132160,0,0,2121666
000547,24300,3732480000,225,5627000,153600
032685,26000,3714282000,746,20059800,142857
114920,1055,3660322500,1003,1298370,3469500
009275,39800,3611452000,190,7739700,90740
270210,4400,3549955200,175,778290,806808
240340,999,3342976677,0,0,3346323
245450,1925,3041423000,8,16395,1579960
267060,320,2925377280,10012,2907734,9141804
001529,29850,2678201700,3413,101284150,89722
267810,1450,2243150000,292,423400,1547000
329020,2100,1680000000,1,2100,800000
225850,283,1414575217,0,0,4998499
225860,75,1277785350,0,0,17037138
