티커,종가,시가총액,거래량,거래대금,상장주식수
005930,82300,491313103865000,17047511,1397109294200,5969782550
000660,129000,93912305085000,4211535,543180636500,728002365
051910,938000,66215617734000,330040,306359828000,70592343
005935,74500,61305059150000,1654713,122466195900,822886700
035420,361500,59381217292500,632873,228484662398,164263395
207940,783000,51807195000000,92941,72416509000,66165000
035720,115000,51038070075000,3234424,371215286000,443809305
005380,223500,47754839794500,645594,143878356000,213668187
006400,642000,44146828260000,320141,205321972000,68764530
068270,252500,34770115570000,1153094,292112897000,137703428
005490,395500,34482393242500,716999,280660055500,87186835
000270,80200,32510140429400,1979388,159566041300,405363347
096770,281500,26029056266000,1180954,330870898500,92465564
012330,274500,26020704303000,376652,103866923000,94793094
017670,309500,24990797554500,386797,120476325500,80745711
028260,133000,24855981773000,473247,62764269500,186887081
066570,151500,24792643821000,1825692,276761761500,163647814
051900,1581000,24692369457000,31049,48795976000,15618197
105560,57500,23908955400000,3197803,179921828100,415807920
003550,126500,21828477071500,0,0,172557131
055550,41000,21180581714000,2721258,110432702200,516599554
034730,280500,19736063308500,179636,50025141000,70360297
036570,806000,17694941732000,86423,69610079000,21954022
032830,86400,17280000000000,796827,68398745000,200000000
091990,108100,16752727775500,1094008,117940617700,154974355
090430,276500,16163772485000,200506,54670425440,58458490
015760,23600,15150352217200,2094652,49437305750,641964077
018260,180000,13928004000000,171803,30958193500,77377800
086790,46350,13916219573700,1569158,71396226650,300242062
011200,39900,13781160231300,16629073,636828095700,345392487
009150,177000,13220784192000,532207,94807513500,74693696
302440,160000,12240000000000,736791,117269760500,76500000
003670,149500,11580751390000,244119,36248583000,77463220
033780,83200,11422735750400,440158,36503989600,137292497
251270,127000,10916094754000,247982,31256506500,85953502
009540,153000,10828286748000,588629,89063849500,70773116
010950,95500,10751656636000,1176342,111449980900,112582792
011170,304000,10419727376000,373716,111482460500,34275419
000810,204000,9664466748000,123856,25154981500,47374837
003490,27600,9599854770000,5975426,162811537350,347820825
011780,296000,9018436536000,2085191,599992790500,30467691
352820,251000,8941563760000,264248,64811873500,35623760
009830,46100,8817938711700,1205850,55593166300,191278497
018880,16450,8781010000000,1010309,16493546950,533800000
010130,464000,8755680000000,125707,57792255500,18870000
034220,24150,8641249155000,3597757,86623805050,357815700
326030,106000,8301204500000,264179,27828216000,78313250
316140,10950,7908831128850,4710798,51072936700,722267683
004020,58400,7793233844000,1936183,111949875000,133445785
030200,29300,7650575974400,961434,28176788250,261111808
024110,10150,7497443254000,8653675,86290524600,738664360
086280,199000,7462500000000,336896,66308692000,37500000
006800,10100,6416695720800,3072217,30715896940,635316408
161390,50200,6218528463800,358302,17781034400,123875069
097950,407500,6134580795000,38246,15494735500,15054186
032640,14000,6112559054000,3504341,49120083350,436611361
002790,73900,6093659502000,309849,22626678800,82458180
071050,109000,6074133128000,390379,41810692000,55725992
267250,76300,6027172385500,877025,65283638600,78993085
000720,52300,5823906509500,1003392,51742754900,111355765
035250,25300,5412694650000,749886,18868780650,213940500
034020,12500,5281017312500,3587752,45097824950,422481385
011790,138000,5225825124000,295632,40856456500,37868298
241560,51100,5122732382600,1599371,81912703050,100249166
021240,67800,5003614168200,190767,12849437900,73799619
271560,119000,4704799708000,177682,20695550000,39536132
068760,127400,4653508714400,204887,26046915400,36526756
011070,195500,4626919418500,162571,31738305500,23667107
088980,12100,4503529068500,857232,10372299000,372192485
008930,66800,4495948014800,167034,11237998700,67304611
139480,160500,4474068949500,299657,48094379500,27875819
000100,62200,4352318049800,258547,16098311300,69972959
078930,46650,4334502383700,1045093,47808149750,92915378
006280,365500,4271429639000,173719,63547366500,11686538
028670,7700,4116185242400,17992669,135395215540,534569512
128940,339000,4094537598000,52767,17804427000,12078282
042660,37250,3996577420250,1278001,46920582100,107290669
029780,34300,3973959961300,318263,10791071900,115858891
293490,52700,3929317217300,627027,33054481500,74560099
005387,107500,3922185982500,75636,8086393000,36485451
247540,181100,3897175292600,119658,21403314600,21519466
000120,170000,3878098480000,46901,7905050500,22812344
016360,43300,3866690000000,677693,28954204100,89300000
006360,44950,3842814516600,941209,41862076750,85490868
003410,7550,3804139942250,902335,6801640120,503859595
010140,6000,3780000000000,86311678,525034579810,630000000
004990,35450,3719032451650,403239,14183361500,104909237
005940,13200,3714597308400,2504561,32476333550,281408887
263750,55400,3666261200000,288784,15731232500,66178000
010620,91500,3654706633500,941305,82743935700,39942149
036490,345000,3638947185000,19830,6815372700,10547673
008770,92500,3630451192500,1329512,122700758000,39248121
005830,50000,3540000000000,290144,14428340550,70800000
028050,18000,3528000000000,4995155,88081264400,196000000
028300,32700,3468543609000,754063,24405329900,106071670
023530,121500,3437083732500,120217,14567426500,28288755
039490,131500,3426001191500,130916,17057663000,26053241
035760,154900,3396825954600,381058,57905571050,21929154
180640,51200,3392647884800,119429,6086473050,66262654
051915,438000,3367694400000,31772,13805481000,7688800
019170,63000,3338054370000,2363933,145624451500,52984990
008560,4895,3308832653665,2143595,10325920435,675961727
298020,763000,3302021366000,129199,97409439000,4327682
196170,76700,3230937645000,232729,17618535700,42124350
047810,33000,3216678531000,728951,23889406250,97475107
112610,74900,3158638084700,865694,63313613800,42171403
020150,67700,3121703529500,247457,16825833500,46110835
088350,3590,3118022700000,16395863,57547696765,868530000
253450,103200,3096448404000,255840,26303410400,30004345
004170,312500,3076619062500,143297,44914028000,9845181
012750,80100,3043734157800,101432,8116334600,37999178
026960,30450,3035865000000,102718,3119947200,99700000
047040,7300,3034045257400,7926434,57941113550,415622638
036460,32700,3018635100000,485037,15670216850,92313000
285130,256000,3008357376000,69962,17819616000,11751396
204320,63000,2958298560000,446400,28117933000,46957120
001040,101000,2946876798000,155529,15558910800,29176998
010060,121500,2897698576500,300112,36267410500,23849371
307950,105500,2893230101000,49363,5200758000,27423982
002380,322000,2861443662000,53900,17046045500,8886471
014680,249500,2828131152500,27702,6822042000,11335195
081660,46000,2794602212000,296721,13477083350,60752222
282330,161000,2782708866000,47289,7562978500,17283906
047050,22550,2782109609950,1747059,39021497050,123375149
007700,180000,2772000000000,0,0,15400000
357780,354300,2755945933800,27553,9639165800,7778566
007070,35150,2706550000000,368831,12945002600,77000000
005385,110000,2679235350000,74598,8206138000,24356685
375500,136500,2642467737000,239900,32442750000,19358738
030000,22900,2634444052500,556372,12687325700,115041225
009240,110500,2600499044000,55483,6063282500,23533928
012510,85500,2594126515500,138179,11887963444,30340661
138930,7900,2574888443400,4275860,33577695970,325935246
138040,19150,2566316280100,234799,4435076300,134011294
336260,39100,2560804686600,1194400,46607469850,65493726
240810,50800,2493462170800,470131,23692888700,49083901
095700,100100,2491422033100,519467,52079135400,24889331
000060,20400,2460750000000,512610,10349880500,120625000
000990,55400,2459681775200,518715,28473301600,44398588
066970,87200,2448465168800,326951,28422616600,28078729
058470,159300,2428109541000,51423,8148327700,15242370
000080,34450,2416102898950,285020,9815969050,70133611
000880,31800,2383687773000,856471,27147438800,74958735
006260,72700,2340940000000,277734,19913910100,32200000
042670,10450,2328739268350,3302808,34183772850,222845863
004800,110500,2328348262500,176179,19499726500,21071025
145020,180000,2247381900000,81850,14628290500,12485455
001230,23400,2233126045800,4210310,96367345100,95432737
001450,24250,2167950000000,1005182,24012692400,89400000
069960,92200,2157705060200,245693,22587763600,23402441
096530,81900,2148566238000,630975,51615643100,26234020
064760,184000,2148200000000,129712,24304214300,11675000
064350,19500,2128274713500,1050752,20368761550,109142293
237690,111000,2070816000000,467958,52466415500,18656000
032500,51200,2038829209600,363999,18721454300,39820883
016380,20200,2020179719400,830167,16574148700,100008897
006650,306500,1992250000000,99607,30238368500,6500000
272210,18000,1984147002000,1674487,29974681500,110230389
010780,64200,1983305305200,92438,5917896900,30892606
012450,39150,1982164500000,540969,20846673550,50630000
007310,533000,1957165873000,10069,5365826000,3671981
017800,47000,1918313977000,305147,14291493750,40815191
003090,32950,1915778241000,243752,8066857100,58141980
011210,70200,1909094826600,161155,11232161500,27195083
111770,41850,1854434935800,167514,6890155500,44311468
294870,28050,1848700606500,356241,9927312100,65907330
098460,26850,1843380171750,775781,20667915409,68654755
268600,110400,1842378825600,158345,17432042500,16688214
078340,139500,1794865590000,349071,48544927600,12866420
950210,29750,1787860611250,438566,12968072950,60096155
298050,397500,1780779330000,90103,35978762500,4479948
000240,18500,1756301940000,249620,4592623200,94935240
005250,36850,1732989538500,293495,10855324250,47028210
120110,63800,1721249992000,231359,14614551000,26978840
010120,56900,1707000000000,80869,4558742900,30000000
278280,170400,1704000000000,53052,9000817400,10000000
004370,280000,1703139760000,23408,6541486500,6082642
004000,65900,1700220000000,193302,12728079900,25800000
086520,74800,1685065976000,0,0,22527620
034230,17750,1614232428000,1221452,21492185250,90942672
235980,78600,1609951381200,158813,12173223900,20482842
042700,32550,1609918996350,808193,26375699450,49459877
108320,98600,1603659980000,426674,41175403500,16264300
069620,136000,1575774200000,60566,8146968500,11586575
005290,30350,1560429892900,284594,8641825150,51414494
151910,10450,1553134876150,1197359,12204360000,148625347
051600,34300,1543500000000,321684,10973232750,45000000
000210,99900,1542582073800,350593,34770715000,15441262
051905,727000,1526479719000,7988,5762647000,2099697
139130,9010,1524003955330,1879656,16781961800,169145833
336370,49450,1512663533100,204587,10146335350,30589758
185750,129500,1479679820500,73246,9466953500,11426099
175330,7500,1477371705000,974432,7303789920,196982894
200130,49800,1471269188400,263982,13149930300,29543558
056190,40700,1461486532000,96388,3927687400,35908760
003000,20500,1456792504500,378680,7792814050,71063049
323990,95500,1453796500000,1807745,170636349000,15223000
031430,203500,1452990000000,31876,6401475000,7140000
025900,71500,1444384155500,215170,15258136600,20201177
178920,48250,1416925036500,176950,8516261700,29366322
039030,114400,1409356520000,72020,8158802400,12319550
181710,72000,1408681800000,37065,2669735100,19565025
298000,433500,1382919621000,79725,34740505500,3190126
048410,37250,1358093168250,1021677,38570442150,36458877
030190,22300,1353940486000,191835,4308509100,60714820
005300,150500,1350756011500,41443,6203457500,8975123
001120,34700,1344972000000,751051,25629665900,38760000
330590,5530,1343617928520,635279,3500034510,242968884
001740,5390,1337731417330,976413,5221604260,248187647
140410,150400,1337462982400,29455,4431829100,8892706
206650,37650,1320686398800,6159707,213517459350,35077992
013890,83300,1316177485000,71373,5953189000,15800450
000670,702000,1293112080000,2789,1935801000,1842040
048260,89800,1282857386600,175884,15586688500,14285717
161890,56000,1281346080000,264740,14793244200,22881180
060250,51900,1271693711100,177525,8906724450,24502769
052690,33050,1263171000000,391386,12912742250,38220000
066575,72200,1240828622400,91181,6581610600,17185992
194480,108600,1240434630000,94087,10110806600,11422050
000250,54400,1238581430400,911015,50748594600,22768041
267270,62800,1237209800400,1015128,62656686400,19700793
003240,1110000,1235874000000,2028,2209519000,1113400
036540,7480,1230163066440,3537141,26566930500,164460303
086450,27300,1213758000000,250401,6852269000,44460000
248070,24500,1202759365500,540104,13339971150,49092219
950130,33100,1202043943700,926892,30313491100,36315527
192820,119500,1200916325500,117178,13815262000,10049509
032350,17200,1191541386400,526204,9122163150,69275662
009420,22650,1183250450700,122254,2755306600,52240638
950220,11950,1175784519500,631547,7554025050,98392010
003530,5470,1173576329250,8986690,50341378140,214547775
023590,26150,1173262034550,86039,2246582750,44866617
046890,20100,1171938540000,2311848,46036221700,58305400
003850,22300,1162276000000,987791,21664487700,52120000
073240,4045,1161967860915,725140,2933201785,287260287
214320,58000,1160000000000,118192,6877327600,20000000
141080,48000,1157560224000,247275,11651383600,24115838
103140,41250,1156001467500,1924181,77771082000,28024278
005850,23950,1154468484150,161797,3882471450,48203277
004490,82100,1149400000000,86393,7160355100,14000000
000070,134000,1147612314000,72101,9706893500,8564271
003520,6240,1141250641440,2400173,15198383570,182892731
069080,32300,1140541553200,591634,19200218850,35310884
014820,44450,1138742813950,42712,1870862000,25618511
192080,61900,1137381673800,66733,4148776100,18374502
241590,18750,1135226906250,191535,3580669450,60545435
003690,9360,1126654925760,363906,3399300132,120369116
009900,27550,1123464756000,334689,9229226500,40779120
067160,97500,1120739782500,386620,36810667200,11494767
020560,14950,1112455871800,435156,6477333700,74411764
084370,48200,1104553224400,156092,7527572500,22916042
035900,30950,1098647377400,582659,17967141300,35497492
086900,174600,1092015446400,33133,5692720600,6254384
001800,17400,1090030342800,252721,4375078550,62645422
002840,218000,1083460000000,3990,869062500,4970000
084990,31550,1081083276700,1063461,33461343950,34265714
363280,26800,1076599282000,124645,3345017600,40171615
006040,291000,1070193531000,16408,4663708000,3677641
000150,64700,1069092124500,138774,8912965200,16523835
020000,43000,1059090000000,124556,5234979550,24630000
039200,35200,1053003036800,256871,9043771300,29914859
144510,99400,1049072967600,143711,14372810000,10554054
006120,55100,1048985810500,52969,2903618600,19037855
001430,29200,1047173874800,3386487,97892677800,35862119
022100,6880,1045998935520,883108,6060787010,152034729
001440,1215,1040614705935,17654425,21337379715,856473009
300720,148500,1028533869000,5108,748858000,6926154
213420,42200,1013222506400,133983,5609436700,24010012
344820,63100,1007739307200,167497,10535672600,15970512
084850,43250,999936280500,63834,2721781650,23119914
085660,18600,992444533800,215650,3947840000,53357233
192400,139500,992184961500,3250,450284500,7112437
114090,16000,989690720000,462175,7378643150,61855670
298380,20850,982520283750,287491,5969895600,47123275
003540,19350,982465290000,227587,4393280900,50773400
005690,16250,974332937500,472319,7649914100,59958950
018670,105000,969175620000,18155,1896684000,9230244
140860,144900,967244449500,24974,3552538600,6675255
067630,10250,965354286500,1060414,10885085250,94180906
090435,91000,960762530000,41607,3768139600,10557830
280360,148000,949674116000,46714,6862422500,6416717
093370,10250,949219894750,538277,5525792600,92606819
057050,79000,948000000000,24946,1963706800,12000000
365550,6610,946941990000,356767,2348322690,143259000
005440,9690,946756430580,461801,4436880450,97704482
001680,27200,942426280000,598690,16164046850,34648025
003380,10200,941886564000,1547736,15469673650,92341820
028150,143500,941718750000,31893,4565593200,6562500
272450,20800,936000000000,346748,7147302550,45000000
284740,41600,933392928000,37392,1546986200,22437330
183490,112000,933110640000,392109,44721969200,8331345
105630,23250,930000000000,273000,6313323400,40000000
071840,39300,927783081600,59303,2342782650,23607712
214150,14200,918979468800,257120,3660775150,64716864
268280,179500,915450000000,1833,328531000,5100000
089590,23550,906665933250,137324,3212399500,38499615
033640,39200,903920718400,269647,10618166750,23059202
218410,37550,895478131000,274633,10223531350,23847620
069260,21900,895241077200,154512,3363425100,40878588
039130,64200,894895677000,99053,6338243900,13939185
041190,10600,890400000000,9294467,100087766400,84000000
064960,60700,887624355200,83284,5006709600,14623136
079550,40200,884400000000,109894,4428296450,22000000
079160,25100,881010000000,184389,4666362000,35100000
166090,44850,880301178900,201723,8983999000,19627674
003470,4400,878224934400,1138984,4962433945,199596576
005880,3585,875711857650,10757257,37969527020,244271090
036830,41400,867911918400,57809,2365181450,20964056
215600,12100,866567212500,0,0,71617125
049770,223500,862514214000,45378,10064002000,3859124
112040,51100,858480000000,93127,4809653500,16800000
108670,95200,853722184000,249441,23537964300,8967670
002350,8650,844827136050,284862,2453325030,97667877
033270,52000,844730744000,295920,15711503000,16244822
267260,23400,843502959000,1455550,33431468100,36047135
348950,5070,839592000000,615930,3125387200,165600000
027360,7020,837136579500,1121118,7796569250,119250225
097520,46150,824399694300,261076,12131901450,17863482
082270,20700,823819821300,170121,3503473450,39798059
082640,5030,811633682550,964877,4910738625,161358585
025540,77700,809245500000,32014,2472767800,10415000
217270,25300,801701896600,89417,2234014000,31687822
078130,6180,786756734700,1458344,8986240250,127306915
015350,70800,778800000000,122399,8659508200,11000000
009450,57100,776830083000,67906,3872975700,13604730
053030,24400,774969571200,1615169,40562438150,31761048
001880,35100,774070268400,52363,1837573700,22053284
005070,25800,769748469600,1139518,28808607150,29835212
230360,23600,769309826400,261543,6202468650,32597874
115390,14500,768610751000,160472,2297156000,53007638
178320,42300,765658171800,160872,6747862750,18100666
000640,122000,750952212000,22995,2808770000,6155346
048530,22400,749807721600,267870,5970269800,33473559
122870,40600,748415081400,168168,6797401050,18433869
010050,854,746569708724,32664112,28462483698,874203406
014830,83800,744968843400,40604,3383370900,8889843
012630,12450,743784426450,709772,8777413600,59741721
353200,15000,741253875000,629067,9510907950,49416925
222800,23150,737423410450,245260,5701718600,31854143
036420,44950,736508941450,59782,2686470950,16385071
241820,72300,729463403100,226461,16333882000,10089397
089980,46300,728056619500,122798,5649235850,15724765
078600,47150,725527414600,324661,15162523100,15387644
084110,60300,725426426700,553322,33231306600,12030289
243070,66600,723254088600,685988,45286836900,10859671
034310,19050,721657815000,17613,334728000,37882300
074600,27400,720291200000,394112,10678277550,26288000
097230,8640,719489787840,418255,3589377510,83274281
006405,441000,713492136000,5062,2229264000,1617896
085620,4010,709834917890,203249,818136285,177016189
131290,64100,709037598900,87130,5542105700,11061429
025980,8320,708687507840,1801361,14772982510,85178787
007570,37100,708078134400,731407,27021713800,19085664
170900,83700,706751751600,35317,2937497900,8443868
145720,63600,703977588000,105833,6621550600,11068830
041510,30000,703575030000,188299,5581497250,23452501
214450,69100,698734363000,62208,4259447800,10111930
011000,15450,698170173600,755329,11816065500,45189008
139670,51500,697634810500,102503,5331906100,13546307
210980,36600,695040002400,51057,1869294300,18990164
00680K,4955,693700000000,603198,2980019310,140000000
003230,91800,691530777000,41931,3850046500,7533015
006390,41000,689672890000,28953,1177225550,16821290
334970,15400,689518306400,802222,12483164400,44773916
214370,63800,685403400000,18640,1178931500,10743000
033660,11900,684796091000,73778,876885000,57545890
131970,46250,682630436250,164257,7612787400,14759577
027410,7110,680546384010,412917,2899902650,95716791
041960,10600,680370285600,220837,2322185950,64185876
215200,57200,677555736000,42609,2427847000,11845380
100090,19000,675040854000,371666,6964585600,35528466
001820,64900,674635500000,33967,2208156100,10395000
104480,7410,673535165940,4542231,34018356350,90895434
018250,25500,673453342500,140629,3552521800,26409935
009970,49350,672916465200,15291,754513550,13635592
092190,17550,670825110150,168891,2952051100,38223653
290650,30650,670530295200,116752,3525900800,21877008
089970,28400,669234498000,248249,6971797750,23564595
222080,11600,666903441600,1022947,11947246200,57491676
293780,60000,665713980000,100372,6022666200,11095233
088800,16250,665566330000,739878,12201589600,40957928
294090,58100,662131537200,60608,3569279100,11396412
017810,17350,661391351650,112000,1936043250,38120539
005090,45000,660465180000,81845,3702204800,14677004
101490,30700,658559422900,138699,4261492750,21451447
003070,26100,657992431800,304198,8208546700,25210438
095610,33200,656305103200,292265,9688806850,19768226
192650,10050,656112752550,281055,2814506160,65284851
092040,34000,653463340000,156396,5318010450,19219510
319660,44250,653352135000,194272,8503266450,14765020
053800,65200,652903346000,112970,7355211200,10013855
060150,13950,649562387400,466953,6534692050,46563612
002240,28200,648600000000,308872,8562036100,23000000
036930,13300,641714519600,852638,11376371650,48249212
299660,66100,641414041200,335928,22330823900,9703692
011930,3115,631746284540,1304237,4034703315,202807796
052400,40300,627032455400,51883,2094558350,15559118
005610,72500,625603152500,21667,1568301000,8629009
039840,40250,624824980500,87253,3535603000,15523602
298040,67000,624744716000,90795,6123047700,9324548
008490,54000,624732102000,20004,1077459000,11569113
281820,29900,623760524400,79942,2401279550,20861556
183300,62200,623271803400,95794,5992083400,10020447
007390,10150,622260518250,271636,2752377150,61306455
058820,4445,617376024580,836961,3677174615,138892244
205470,18000,616028670000,3806696,70130445650,34223815
145990,59700,615712905300,53173,3160131600,10313449
271980,41800,614663649600,61331,2590043200,14704872
033310,27600,612439004400,320853,8988946050,22189819
290510,8010,610367102370,662163,5320253890,76200637
199800,90000,610233750000,5630,506656400,6780375
001060,28300,609579905800,77720,2190809600,21539926
036810,28000,609190092000,93914,2627404200,21756789
215000,96700,606832630500,63583,6151895500,6275415
008730,24450,606360000000,184696,4462651950,24800000
005180,61400,604866197400,69184,4210929800,9851241
033290,6790,600916588860,545662,3711843160,88500234
267980,76600,600822670800,36178,2754674100,7843638
061970,13700,599848910400,665781,9185011150,43784592
034830,2375,599661921250,991418,2361337035,252489230
195870,35250,599250000000,275679,9726200000,17000000
123890,4830,598812542160,578641,2774251870,123977752
026890,14300,595997902500,948058,13639678200,41678175
000400,1915,594294052800,1018639,1937607460,310336320
348150,36500,589896319500,123713,4534215500,16161543
081000,41500,589423462500,28501,1179208900,14202975
002320,39350,588189161800,47225,1858222800,14947628
001720,62600,587578436200,9705,611781800,9386237
204270,10150,587161929900,96890,980550500,57848466
000370,5020,586029353300,6435012,32161294070,116738915
068400,12350,583980124000,488741,5905537850,47285840
042000,30850,581051513050,114158,3533544250,18834733
013120,6380,579355678000,323900,2065354040,90808100
286940,37400,575822779400,17983,672183100,15396331
083790,8310,575438298660,328381,2734837940,69246486
232140,6960,571035636000,478911,3335922800,82045350
314130,42450,570844889250,76823,3287738800,13447465
030610,8810,569595537760,561515,4890056680,64653296
086890,17850,568900795050,1366704,24720129050,31871193
226320,25900,567969258500,24096,622670850,21929315
216080,32200,567633159800,150835,4948866650,17628359
017960,12900,567093765300,1263145,16090080900,43960757
035600,20200,563669566800,101726,2053306850,27904434
024720,30300,562874585700,149969,4557575900,18576719
348210,58500,559458900000,93236,5480172800,9563400
091700,10300,557811023000,517072,5328784500,54156410
263720,45050,552993750550,170675,7675690000,12275111
121800,12100,552653040500,1418192,17548326300,45673805
038500,5140,551815869220,553948,2848127230,107357173
102710,38500,550081686000,148857,5703183550,14287836
078160,33600,546476918400,136052,4498818400,16264194
016710,33950,546237133050,20909,704674000,16089459
226950,39850,546070926000,129444,5162156900,13703160
104700,11850,545692500000,399526,4682498450,46050000
090460,16150,544136911200,531392,8578665850,33692688
068240,20000,541288140000,377465,7334140500,27064407
001630,107500,538560057500,15744,1683038500,5009861
093050,18350,536554000000,144501,2643413450,29240000
049070,31100,534920000000,145043,4499759000,17200000
272290,54600,533760263400,123696,6785139300,9775829
031390,42000,532611072000,54479,2273808250,12681216
084010,21600,532369454400,722021,15228680650,24646734
064260,7700,530907608000,2464078,19229157920,68949040
263050,34600,525687038200,82714,2848589000,15193267
034120,28800,525674361600,152700,4392205300,18252582
095660,23800,524402512200,92715,2224361550,22033719
137400,22950,521910494100,192027,4399423000,22741198
319400,5110,519801075640,105129,540189840,101722324
032190,13500,517050000000,188987,2516934050,38300000
156100,38600,516959879800,200316,7886619450,13392743
030530,6690,516722092890,501285,3347427000,77237981
018000,4240,516124082720,1291295,5425352010,121727378
071055,88000,515526088000,57523,5046874800,5858251
009410,13200,513468093600,396085,5242575700,38899098
330860,42300,512648758800,84306,3605133600,12119356
122450,11250,510029595000,248389,2796326000,45335964
017390,102000,510000000000,6061,612992500,5000000
206640,21700,509658352000,867363,19193648800,23486560
000815,159500,509124000000,20061,3190197000,3192000
182400,14550,504168092400,621787,9090127200,34650728
339770,20050,500899927000,150581,3020190700,24982540
032300,45850,500072240850,195685,9127405700,10906701
126560,4430,500043320280,250476,1109923175,112876596
071320,43100,499043866400,13216,564137900,11578744
950180,23550,496005390000,309476,7144557850,21061800
189300,64900,490730836200,79602,5096577200,7561338
089030,25300,490525710400,310941,7855308900,19388368
002310,54700,489920659400,99449,5451133000,8956502
950160,8010,489551575500,0,0,61117550
096040,930,487876835640,95957431,91280332029,524598748
025860,9820,487846238260,1208537,11854689560,49678843
020120,14900,487793696800,128973,1926988850,32737832
016800,42300,486450000000,9041,379435600,11500000
041140,13750,486383177500,142470,1975920050,35373322
001510,1020,482041974420,10488808,10624564642,472590171
004430,20050,481200000000,362183,7238007100,24000000
003800,43350,480751500000,1060,45681500,11090000
067310,14900,475784997100,714967,10541101450,31931879
007690,81800,475308388800,66737,5442953800,5810616
183190,122000,475288698000,15230,1842821500,3895809
080580,26850,474689151300,49204,1317701850,17679298
060720,20050,474661755150,286623,5679910850,23673903
078020,8530,473254550700,256871,2174323840,55481190
136490,19900,473214119600,526753,10610344000,23779604
086390,22300,471291009800,129124,2893612500,21134126
299030,64500,469540456500,66829,4338202000,7279697
006730,7900,468145554900,171293,1353110670,59258931
035890,2035,467660209995,6813395,14029666765,229808457
009290,8910,467069782410,93404,832977000,52420851
030520,18800,465829332800,121506,2287026200,24778156
002270,411500,465764505000,4520,1855261500,1131870
007860,19800,464900911200,719840,14206480400,23479844
082740,11450,464863381900,3303467,37243430650,40599422
104830,36850,464604800000,152108,5654748500,12608000
001200,4780,463021478040,1102931,5275819350,96866418
003060,1160,462347889720,814906,937838460,398575767
095720,4000,462023940000,1085928,4397055580,115505985
003580,13200,461492169600,7654505,107370169600,34961528
285490,45750,461239788000,76952,3467817400,10081744
043150,31050,461224648800,30499,942654700,14854256
006060,8320,460262400000,534108,4469573490,55320000
138250,13650,459950400000,178433,2394759200,33696000
015750,5740,459200000000,480602,2780609850,80000000
036630,764,458649160264,5562405,4275337368,600326126
029960,9160,458000000000,220716,2015955370,50000000
033180,3535,457904245400,1234463,4390074080,129534440
064550,18200,457403091600,532766,9753442200,25132038
294570,57500,456885685000,96995,5602445000,7945838
059090,14550,455656573650,233340,3377909350,31316603
131370,8540,454900888820,444827,3795566300,53267083
058650,113500,454000000000,37208,4364821000,4000000
065660,49800,452857993200,97606,4867400150,9093534
053210,9430,450961139380,205928,1929180270,47821966
023410,5830,450722331290,926300,5336492440,77310863
108230,11850,450575453250,186566,2192884350,38023245
001530,179000,449407245000,27913,4979880000,2510655
101160,27150,448273459950,223510,6044123500,16510993
060980,42800,448204596000,81928,3488665750,10472070
060900,2920,447598142200,2392242,7011300505,153287035
161000,13950,446958000000,291383,4070073050,32040000
094800,4810,446533132110,158873,764264425,92834331
011785,147500,445964185000,854998,119713460000,3023486
036200,14500,444631233500,791705,11453280800,30664223
001725,62800,442976316400,31141,2045541500,7053763
138080,41600,441962352000,60870,2504654700,10624095
253840,28650,438200775900,635774,17834681200,15294966
080160,22950,433755000000,294175,6681192300,18900000
216050,53600,431843247200,19932,1070595300,8056777
001500,14350,431176028500,452164,6508256200,30047110
067370,37150,428996349150,30492,1133240250,11547681
006840,32300,427896220300,197213,6244282850,13247561
046440,11000,427081248000,303998,3317270600,38825568
293940,8160,427013803680,117510,960540080,52330123
067000,9630,426966234480,229911,2217554690,44337096
036030,11950,426794512900,1779614,21933005200,35715022
003545,16400,426400000000,162373,2626569550,26000000
009680,12900,425700000000,47212,612010550,33000000
068290,42150,421500000000,159307,6734660250,10000000
357120,6030,419808600000,306211,1841973250,69620000
200230,4775,417855532300,1259687,5992852150,87509012
003620,2770,415056805540,0,0,149840002
042040,2960,415034171120,11878357,35795178500,140214247
038880,1415,414575481490,40907325,59147065490,292986206
321550,17400,413840312400,41682,722544450,23783926
075580,7250,412158556000,1035670,7473482500,56849456
265520,28450,411962458150,170206,4827600600,14480227
299900,11350,411954163350,695654,8068783200,36295521
298060,34450,410507646900,55063,1896080550,11916042
284620,3900,410446951200,280017,1084462305,105242808
298540,56300,409432066400,69003,3860516200,7272328
044340,22900,409301432500,101034,2319514900,17873425
032620,7830,408703598370,67352,524643250,52197139
000020,14600,407799462000,143915,2102629850,27931470
084690,11250,407391052500,211201,2349037400,36212538
033500,14300,406728264800,1237669,17371835600,28442536
002020,32050,404676953300,58224,1859033600,12626426
272550,28450,404268923800,170081,4706534050,14209804
119860,30850,403358258700,63588,1955384200,13074822
001780,4835,402307213305,778816,3754958860,83207283
045390,5650,402006099300,1343124,7519233240,71151522
089010,27050,401913146850,113931,3093319100,14858157
001390,28950,401423479200,119538,3455608650,13866096
025950,47700,400680000000,103511,5048279950,8400000
100790,8660,400055827180,475605,4141478660,46195823
002390,28950,398454280350,58892,1682702500,13763533
088260,6280,397785185200,61860,388780710,63341590
002620,24900,397736539500,25080,619094500,15973355
194700,44150,397515121000,60395,2650979200,9003740
097780,1520,396941315040,2345783,3580818940,261145602
213500,16650,396279590400,261085,4318536300,23800576
003300,13750,396216975000,37531,512385950,28815780
175250,43800,395646582600,108150,4786315350,9033027
079980,11450,395025000000,550791,6283950150,34500000
347860,29150,394364345100,97855,2829406800,13528794
048910,31350,394349957100,516772,16371349600,12578946
034810,14950,394026655100,112267,1684737800,26356298
143240,33750,393500126250,34139,1140541150,11659263
245620,4710,393491655960,466538,2202069770,83543876
008350,3560,392237560400,2115784,7583512860,110179090
034950,86300,391846358200,10673,919397200,4540514
029460,28850,391034169400,70070,2024408800,13554044
110790,33350,390711258000,13447,446906800,11715480
237880,22600,390337030000,152332,3452680100,17271550
220630,3810,387924793110,1380834,5182868170,101817531
317330,21100,387763730800,1547598,32606100000,18377428
322310,41650,387742424300,34534,1439966650,9309542
050890,7410,386692146750,241325,1794128000,52185175
038540,6980,386191624740,458919,3158826120,55328313
004700,57900,384985090200,8264,480062400,6649138
037560,4970,384910919050,616831,3054217670,77446865
005950,14550,383338126650,1033173,14675850850,26346263
332570,10300,382555966800,54183,561149100,37141356
100120,38200,382071243000,74356,2849820525,10001865
322000,34100,381920000000,87132,3009218800,11200000
174900,24950,381187821550,202310,5038282000,15278069
084680,3590,381042230230,757002,2697005805,106139897
000140,16400,380590946000,32521,529927100,23206765
019680,4485,379892282250,367472,1630086290,84702850
099190,27650,379834630700,98263,2739971300,13737238
001470,2760,379627975680,1952177,5360961200,137546368
217330,67200,379603660800,19992,1353231600,5648864
192440,60900,378576506700,35118,2142463500,6216363
016580,20300,377581421000,80174,1626009400,18600070
256840,7320,377211575520,550547,4051107280,51531636
000480,94200,376800000000,37240,3510550100,4000000
293480,23100,374220000000,14965,346404800,16200000
000050,13650,374218435500,31921,437315750,27415270
078070,20000,373932560000,39004,775905100,18696628
225570,12950,373620022650,95287,1224446250,28850967
099320,51300,372873383100,84624,4318655200,7268487
005500,26700,371130000000,32743,872143650,13900000
102460,20700,370712056500,215624,4508035000,17908795
002990,10100,370002632400,247136,2475244140,36633924
079430,18000,369635076000,100694,1797928550,20535282
289220,39200,369576228000,92066,3614351050,9427965
007460,1980,368545472460,1968939,3907236435,186134077
095340,22650,368216905050,113369,2547724400,16256817
072710,79100,366849189000,6426,506831900,4637790
077970,15900,365841573600,257937,3970486950,23008904
001940,19800,365832324000,63769,1245810100,18476380
277810,23050,365808432700,114266,2640746450,15870214
031440,94400,365562112000,89004,8265852300,3872480
036890,16250,365336855000,726106,11601652250,22482268
033240,20400,365160000000,183624,3727680400,17900000
001360,5440,364648362560,570986,3119929390,67030949
249420,15250,363000096250,67663,1039980150,23803285
058430,60500,363000000000,969832,58625726000,6000000
122900,10850,362702914000,455805,4966360400,33428840
004560,24000,361891464000,1700203,40281433700,15078811
030210,6000,361884552000,577383,3422520690,60314092
900140,3635,361520004595,388835,1405766330,99455297
002780,2480,360769927600,1107817,2746160470,145471745
003220,16950,359760749850,65621,1102227550,21224823
011690,2440,359254954280,0,0,147235637
037270,5660,359010460600,360305,2021658960,63429410
002960,276000,358800000000,10255,2818967500,1300000
043610,6170,358572252460,558670,3433126450,58115438
011280,5040,356861937600,137416,695346270,70805940
093230,461,356510911862,42745319,19943459997,773342542
115960,28750,356442500000,44132,1278135100,12398000
228670,53500,355949784500,44804,2367772200,6653267
035080,4375,355202588125,1157289,5111765670,81189163
122990,12600,355155456600,148873,1869799750,28186941
089600,36950,354901424500,49448,1826332500,9604910
006490,3425,354467915850,1277121,4382811690,103494282
136480,3330,353678307660,4605868,15371997535,106209702
208640,2600,353332647200,4647953,12728233595,135897172
019550,2180,353305133500,3611845,7907146655,162066575
016450,8810,352400000000,36948,322793070,40000000
200670,35200,350986028800,430700,14887925500,9971194
025000,72500,350900000000,7027,510317000,4840000
115450,12950,350789846050,301326,3894629050,27088019
004690,86400,350354160000,13642,1173208200,4055025
002100,16150,350321762500,541983,8742111750,21691750
037070,24900,348600000000,184321,4624384350,14000000
100130,6100,348572300000,447583,2702118250,57143000
009520,8340,347300143020,1317742,10823599040,41642703
063160,63200,346712798400,261835,16648207600,5485962
060280,10350,346077265950,128468,1324678000,33437417
047920,15400,344310443400,164151,2528759050,22357821
00088K,15300,343821600000,96198,1464223450,22472000
251370,22950,343216745100,96248,2193626400,14954978
072520,2005,343109799410,3133275,6394241995,171127082
00104K,81000,342347472000,10030,804351900,4226512
004830,21800,341824000000,370581,8126672500,15680000
007340,34150,341295270750,54962,1872507450,9994005
241840,35800,341237008000,103614,3738975050,9531760
060570,6000,341159082000,364912,2151000160,56859847
243840,47250,340802957250,54446,2570889150,7212761
000390,12550,340603774650,165135,2076039050,27139743
306200,119500,338937850000,44530,5303351500,2836300
001520,1420,338931369460,451154,633229365,238684063
025770,8980,336249553580,20563,183455450,37444271
093320,68900,336232000000,8635,600385400,4880000
009580,5360,334294216640,397258,2114909940,62368324
038290,31300,334083742600,34738,1085054850,10673602
238090,5550,333528942750,6250490,36303225050,60095305
003560,2275,332686326700,889098,2014956495,146235748
039560,9470,332302943960,184304,1741259150,35090068
101360,32100,331284294300,96533,3061433200,10320383
096760,4835,330913114970,114586,550901660,68441182
017940,48150,330309000000,58888,2816647050,6860000
003555,99500,329810361500,0,0,3314677
045100,18300,329400000000,181857,3323397700,18000000
036800,32850,328500000000,32114,1056808050,10000000
016590,81500,328427233000,12338,1001341200,4029782
214870,10900,328395875800,107660,1180457450,30128062
007210,4770,327031200000,7194889,33922670860,68560000
00279K,46000,326241200000,13279,610259500,7092200
234340,34550,325979250000,73903,2547008450,9435000
200710,24400,325247900800,51086,1246741700,13329832
051160,22300,325012576500,106837,2407969050,14574555
029530,32200,324576933800,15120,486699800,10080029
052260,21600,324000000000,104562,2261831250,15000000
004380,15400,323400000000,75993,1169140200,21000000
287410,4570,322799537040,1542397,6989571835,70634472
121600,29750,322737906750,55652,1656012650,10848333
121440,7510,321704503180,143860,1080795960,42836818
102260,6460,320995642880,187515,1206819020,49689728
246710,37750,319817056250,114167,4449977200,8471975
042420,36100,319732862600,69358,2512183200,8856866
009155,109500,318314748000,14058,1550580000,2906984
023160,12000,318000000000,927857,10949440400,26500000
270870,34850,317595856400,39252,1359417350,9113224
053290,19200,317305094400,501598,9594022450,16526307
005420,11500,316952374000,271995,3121169000,27561076
017890,14650,316524384000,254932,3681998200,21605760
049950,37850,316513282100,94971,3596274650,8362306
047820,2435,315886764440,4275609,10490248000,129727624
314930,51200,315811584000,102370,5306907700,6168195
214390,13200,315570552000,248508,3222577750,23906860
011040,10250,315379851500,139318,1422702650,30768766
014620,11000,314600000000,895236,9652099750,28600000
004960,27150,314144559300,138429,3738836500,11570702
018290,9190,313925997990,1461706,13478487000,34159521
214330,2500,313144152500,6904280,17582361070,125257661
004710,9750,313071310500,388823,3816721720,32109878
002810,16950,313014768600,20251,341626050,18466948
064290,24700,312540511400,67154,1662407800,12653462
016610,7360,312405423040,393161,2864135870,42446389
051500,26300,312222711800,145081,3779471900,11871586
054920,11050,311798745050,212920,2384786900,28217081
035510,181000,311320000000,19824,3567925000,1720000
085370,12000,311222664000,819216,9787724250,25935222
067900,17100,311214168900,229387,3933693800,18199659
080420,3900,310914325800,341934,1324519695,79721622
195990,1235,310564936240,9322389,11420485890,251469584
002150,9200,310224000000,92151,847475990,33720000
091120,19500,309814752000,422736,8253008350,15887936
036530,18900,308143445400,46849,878833750,16303886
138610,31100,307982646900,189416,5874133700,9902979
007810,13000,307069763000,64984,842860800,23620751
317400,11450,306659854000,115691,1320383650,26782520
017550,5680,306635725840,1903268,11118333310,53985163
013580,34300,306330110100,69781,2378942200,8930907
078590,3890,306238837930,0,0,78724637
039440,19300,305519000000,125474,2432223850,15830000
003030,73700,305240120900,20967,1537770200,4141657
005810,29300,304999170400,197000,5763761200,10409528
036580,8300,304841926900,682483,5762896080,36727943
023800,20100,304718572800,282092,5772294100,15160128
053610,27700,304700000000,61325,1709786700,11000000
149950,19500,304346250000,23847,463936050,15607500
002210,11650,304076300500,62993,728757600,26100970
044450,13100,303735028000,1232463,16203101900,23185880
091810,2750,303408267250,294470,805176915,110330279
294140,8190,303030000000,187349,1540860840,37000000
083420,12600,302400000000,173064,2143268500,24000000
009160,4615,301957216340,355888,1626361280,65429516
131390,20300,300823873000,78152,1591521000,14818910
077500,11000,300607725000,147634,1617774750,27327975
214260,35500,300318143000,92426,3273942600,8459666
079370,28850,299578400000,133400,3863271550,10384000
077360,13150,298748288150,149158,1966708900,22718501
000540,4650,298728299250,907834,4320126315,64242645
019210,9750,298094735250,652352,6312580730,30573819
143160,27800,297915642000,20322,564973900,10716390
234080,18800,297689615200,133188,2497350200,15834554
031330,2975,297485324325,419918,1248511280,99995067
262260,43150,296899011900,63985,2760838650,6880626
104460,27700,296767412500,39658,1088544250,10713625
073490,44000,296451936000,24268,1064378300,6737544
005960,13050,296318611350,316278,4133810100,22706407
217600,4640,296316617600,8440197,38221477905,63861340
041830,21650,296253880300,199957,4281085850,13683782
054620,14500,295716204500,318040,4526019050,20394221
179900,18200,294965489000,47362,852623300,16206895
260870,58300,293914144700,82478,4900228600,5041409
228760,14700,293797360500,165980,2429150850,19986215
014160,2710,293749227790,1154257,3121081190,108394549
092230,69300,292767967800,17282,1190233300,4224646
001130,173000,292370000000,41553,7119787500,1690000
040910,16200,292335690600,77915,1258521200,18045413
119610,24300,291891478500,52292,1255177400,12011995
052710,29950,291815009700,25256,758900950,9743406
297090,30400,291244160000,77603,2341569950,9580400
045970,11050,290779379800,314920,3519476950,26314876
102120,16650,290703222450,1367395,23154290200,17459653
950190,21600,290572380000,90988,1974663350,13452425
298690,3530,289707100000,217280,767664700,82070000
082920,13450,289701594400,245734,3319954600,21539152
083310,16950,289150439850,77507,1318379900,17059023
092730,35200,288899107200,101408,3547230000,8207361
045660,34900,288274000000,98963,3463203300,8260000
012610,6950,287982736750,181106,1259099700,41436365
101530,9880,287674201360,286920,2766744950,29116822
101060,2055,287486670450,1559453,3229725985,139896190
092070,26650,286802716200,457439,12193074300,10761828
159580,14300,286466694800,266970,3832666700,20032636
014940,6280,286202591080,4829426,30330135520,45573661
065680,28800,286105536000,42903,1227782000,9934220
003570,8600,285973194200,67566,581591890,33252697
107590,123000,285360000000,2462,300178000,2320000
106240,6390,285262603650,750867,4808115550,44642035
071970,10050,285078058800,7733687,78582057040,28365976
002030,130000,284833120000,3791,490670000,2191024
004140,7100,283799538600,3406387,24503110280,39971766
047310,8240,283628891680,151538,1243754030,34420982
109820,13900,283471596000,843492,12007034000,20393640
051370,12150,283428784800,70509,850764200,23327472
160550,10150,283246975900,893317,9155377300,27906106
307750,7330,282483679270,118499,858731620,38538019
123040,8130,282332168520,509838,4190401790,34727204
004360,14600,281906874000,98063,1417838950,19308690
087010,13650,281556543450,107313,1459910600,20626853
318020,22200,281102438400,50462,1124499300,12662272
304840,49500,279549765000,222647,11128666950,5647470
094480,7120,279316446560,723828,5234900130,39229838
058110,17400,279279222000,173953,3077460900,16050530
003920,387500,279000000000,50361,19417242000,720000
078150,3530,278836203780,1720815,6019425630,78990426
194370,20900,278714060900,229529,4815319100,13335601
066700,8580,278544852300,249681,2148915600,32464435
037710,174000,278400000000,2547,441407500,1600000
025320,3800,278323240400,442176,1689873400,73242958
011760,21000,277808286000,142764,2987013500,13228966
053580,40850,276295306750,48252,1925805150,6763655
035810,4960,275977490080,1509793,7558277795,55640623
095570,5890,275783317550,167782,988786160,46822295
144960,6310,275700457440,258807,1636907680,43692624
013030,20250,275667948000,221957,4448617900,13613232
054450,20400,275520584400,7206948,141082521500,13505911
061250,4195,275216972835,675476,2870820175,65605953
053280,16000,275200000000,103305,1659911400,17200000
055490,58000,273623700000,52150,3000016000,4717650
052420,4025,273158633475,845228,3392962845,67865499
160980,24950,272559862850,205171,5122821400,10924243
225530,7470,271450290690,1199154,8862004430,36338727
015860,5500,271411156500,236918,1288186090,49347483
063080,41150,271392150800,75446,3120769300,6595192
207760,10950,271139903250,207053,2245708800,24761635
000490,11400,270501594000,446177,5019568050,23728210
187870,38400,270205785600,28811,1110045800,7036609
199820,24300,269973000000,37690,904069250,11110000
027710,2420,269628172000,15483418,38182128475,111416600
005720,5020,268790764540,84895,421503145,53543977
021080,5570,267360000000,7636460,44041041810,48000000
000430,4310,267220000000,173196,745412050,62000000
090350,13350,267000000000,369761,4910986400,20000000
023600,16500,266805000000,176347,2892835050,16170000
166480,16950,266410608000,48053,810261550,15717440
348350,52300,266301140000,41319,2180715900,5091800
102940,23250,265337277000,48015,1112524450,11412356
214610,14500,264803828500,307324,4456973100,18262333
230240,20500,264081410000,40383,828818050,12882020
033160,12100,263873036900,544387,6585707650,21807689
005390,1835,263704895650,847342,1555371290,143708390
300120,25050,263479807800,28323,709726050,10518156
281740,4000,262922192000,585726,2340232225,65730548
009070,8760,262800000000,5557467,49872871420,30000000
001270,25300,262358115800,10946,276787500,10369886
065350,9540,262196863920,161718,1539498110,27483948
090360,26850,261787500000,65324,1733196650,9750000
052020,8550,261423970650,250122,2101723070,30575903
063170,15450,261375375000,403637,6345943000,16917500
251970,21050,261020000000,127598,2711209100,12400000
058400,1970,260886548400,685895,1351853135,132429720
203650,5150,260619633100,1916156,9820904015,50605754
353810,7620,260540906400,2477246,19225009400,34191720
006620,9120,259600727040,320787,2944497090,28464992
256940,14500,259539168500,42730,623798300,17899253
097955,195500,259513151500,8415,1627492000,1327433
007330,17200,259424160000,92610,1584109300,15082800
122640,15250,258963498250,278639,4294973400,16981213
042370,10650,258549506850,381482,4013798600,24276949
288330,13200,258041968800,42641,554416700,19548634
054780,14550,257217839100,184931,2710102450,17678202
003200,107000,256800000000,20796,2175799000,2400000
092130,21300,256528680000,8073,171531150,12043600
123860,22850,256429737800,123089,2787084500,11222308
070960,5320,256069331560,1654244,8652594635,48133333
290670,34500,255881325000,23698,821505450,7416850
306040,25900,255524945200,154008,3981384050,9865828
012800,2800,255193397200,27463124,73779235450,91140499
003100,38650,255090000000,12656,487852900,6600000
086980,4065,254469000000,362012,1493384035,62600000
115180,28650,254342065350,37102,1059300700,8877559
267850,22900,254190000000,47063,1077790250,11100000
950200,13400,254111610200,250845,3448604450,18963553
138490,6680,253840000000,147885,990360030,38000000
004980,10350,253741355550,286286,2970837400,24516073
340570,62400,253593600000,69869,4440936400,4064000
074430,2880,252941310720,3696841,10692990605,87826844
005680,12600,252000000000,75052,948381850,20000000
002170,84000,252000000000,4996,418701300,3000000
161580,12200,251942956400,51726,635701850,20651062
148150,21400,251321600000,42591,908350850,11744000
200880,9280,250823895360,291870,2708383600,27028437
044490,12500,250092262500,0,0,20007381
129890,25800,249969285600,37304,964286200,9688732
058610,11700,249889980600,2039216,23662678600,21358118
308170,28950,249259500000,58588,1703205800,8610000
229640,8100,248061519900,175635,1411410420,30624879
236810,29200,247841219600,301471,8640217500,8487713
008060,7290,247059193500,263877,1913330050,33890150
031980,11450,246889422750,117667,1349478650,21562395
138580,21700,246868748000,10423,223742050,11376440
005389,101500,246516602500,12784,1294350000,2428735
092220,2110,246251643400,1073478,2246924625,116706940
082850,5470,245700792660,3897220,21519071770,44917878
011500,15650,244719707300,181948,2842912350,15637042
083450,26250,244590806250,138396,3620742800,9317745
048870,3320,244565990600,534373,1774933860,73664455
023900,19400,244440000000,23093,445936300,12600000
023760,774,244281811824,2155477,1657245135,315609576
338220,21800,243345900800,45026,990023050,11162656
004540,6530,243181725290,503481,3311295820,37240693
033920,8530,243105000000,60125,509504380,28500000
012700,9170,242511057950,452841,4115100890,26446135
354200,19600,242352275200,68042,1340372100,12364912
003160,7680,241895308800,469997,3681214580,31496785
007160,48300,241500000000,20167,968233700,5000000
001570,5050,241466315600,127871,644150270,47815112
068330,5460,241420124400,517435,2854547560,44216140
067990,8130,240840729780,428721,3488709730,29623706
151860,6690,240840000000,430520,2879630310,36000000
096775,192500,240322005000,17687,3406481000,1248426
001250,2910,240173253240,1498437,4347348385,82533764
068930,8090,240149538510,34494,278058820,29684739
082800,1500,239655877500,665801,1002098130,159770585
100700,5470,239586000000,452288,2487984020,43800000
033530,8570,238425635770,121681,1038556930,27820961
007280,4470,237993867720,10841563,48544804910,53242476
289080,4465,237689810000,363866,1624382650,53234000
039860,8860,237415457220,480577,4300102210,26796327
001460,380000,237353700000,1137,431210000,624615
094280,20500,236943100000,41105,840761250,11558200
090850,9970,236751219170,64841,646495120,23746361
317690,16000,236683584000,49690,799339600,14792724
084650,20650,236444503050,503542,10475012550,11450097
010170,3205,236341908125,285332,918006615,73741625
065530,4465,236019900000,196779,876179280,52860000
023910,39300,235800000000,28767,1138149850,6000000
063570,6900,235619323200,811807,5552530540,34147728
035150,9700,234740000000,550684,5368572030,24200000
021320,10950,234330000000,80977,876757850,21400000
080220,6850,234292159750,2407676,16624614830,34203235
215360,25650,234239980950,107292,2760506350,9132163
002900,1710,234060636150,1143965,1947232545,136877565
000970,10250,233705125000,260161,2633650120,22800500
054050,14550,233244662550,2420965,36608946500,16030561
018310,15850,232995000000,186569,2889539900,14700000
001070,43900,232670000000,4472,196260400,5300000
340930,21900,231921963600,670774,15008263750,10590044
299910,28450,231779760200,12027,338296400,8146916
001340,5160,231778980120,821897,4294531190,44918407
035610,8450,231073674650,99718,848002580,27345997
337930,12100,230661912800,139921,1696918400,19062968
333620,21850,230656116400,416493,9309852450,10556344
110990,12200,230580000000,62982,763083800,18900000
049180,5830,230243641980,120183,705359400,39492906
005160,4240,229996603680,435764,1825245685,54244482
142280,10850,229122520550,86100,922378150,21117283
003120,86000,228760000000,30658,2684310700,2660000
185490,19400,228635266200,436882,8708816000,11785323
067080,12250,228053962500,47306,573791200,18616650
009470,34450,227846099000,99195,3392084400,6613820
239610,42250,227816858750,33774,1422436500,5392115
118990,5840,227766067760,343139,2019178200,39001039
030960,14250,227715000000,210996,2959412350,15980000
028100,19800,227700000000,681972,13298024900,11500000
037460,13950,227643381900,98211,1363573250,16318522
014790,5850,227418410700,302511,1770068620,38874942
013720,27800,227369833800,722094,19358143450,8178771
191420,27900,226236468600,21362,599041200,8108834
006220,6990,224580130260,469509,3272534810,32128774
053590,1810,224363657820,2548488,4582736970,123957822
004310,7010,224320000000,160413,1126379360,32000000
282880,23650,224084885200,29898,713131200,9475048
125210,13550,223531504500,56059,754258250,16496790
263920,4555,223400585370,0,0,49045134
004890,92100,223362301500,6857,628915600,2425215
277880,12050,223337471500,422580,5022809850,18534230
214180,18050,223142691800,53790,971671700,12362476
067290,5070,222759870060,87520,442365360,43936858
038390,25850,222038058000,43046,1101644600,8589480
248170,48600,222018699600,14891,722155850,4568286
015360,36900,221400000000,11795,433545550,6000000
120030,176000,221346576000,410035,72408496500,1257651
950110,9200,221241968000,52442,479353260,24048040
234690,12400,220128222400,35834,442658050,17752276
071460,6120,220119845400,1438519,8956968370,35967295
123420,23000,220106366000,31386,716559500,9569842
054950,18200,220036034400,77552,1395679600,12089892
278650,28850,219818766800,133253,3844861800,7619368
086820,27150,219682215900,64726,1757916450,8091426
208340,15400,219342646600,103651,1618874000,14243029
210540,19850,219177903800,180500,3541537450,11041708
011810,11100,218968612200,1531557,17236032800,19726902
000680,2775,218678369400,58712,162994660,78803016
010955,54200,217988443400,70734,3787911700,4021927
114810,8540,217797105960,181257,1540117730,25503174
008700,2820,217491992400,572463,1608497665,77124820
006380,5420,216800000000,1795636,9564855500,40000000
140070,5860,216749680000,208568,1227975350,36988000
352700,21550,215403693050,213916,4521377400,9995531
005945,11400,215129035200,197581,2225781450,18870968
211270,14250,214922832000,266689,3796373150,15082304
053300,6890,214726850000,101714,699868120,31165000
244460,8390,214299930560,151522,1275118610,25542304
256630,3750,214276170000,924704,3453781545,57140312
229500,23900,214212521300,2051,48908450,8962867
043370,10200,214200000000,66994,675429300,21000000
128820,4730,213963810940,161435,758492870,45235478
061040,7400,213859393200,85035,627939960,28899918
222040,10350,213499800000,213279,2193759200,20628000
228850,12850,213194529900,31410,407302400,16591014
065450,7430,212890304000,1825065,13632752960,28652800
356860,43300,212876439500,6429,280054550,4916315
000180,3050,212742380000,1837078,5547241185,69751600
288620,30900,212416364400,27582,855077450,6874316
010600,3945,212408571765,3226690,12461226340,53842477
108380,22200,212394792600,301945,6648320950,9567333
264450,20700,212086114200,24503,505162900,10245706
018120,31950,211544784000,2891,92361850,6621120
095190,4965,211414848705,202653,1003078000,42581037
096240,28250,211135584500,378748,10610168450,7473826
201490,6740,210677369800,168209,1134290870,31257770
126340,40900,210357166300,17712,718366400,5143207
068790,8560,210345402160,168555,1442461420,24573061
066590,5890,209790609000,315560,1846510720,35618100
144620,3055,209752129925,186699,564250080,68658635
067170,13600,209325828000,58615,790163950,15391605
010040,5090,209031345580,1307525,6510287390,41067062
014470,3480,208981864800,464790,1599348145,60052260
008970,1755,208643683950,11240765,19453645135,118885290
270660,39900,208614117600,1918,75140350,5228424
000700,8010,208594914120,59649,476519360,26041812
066980,11600,208333900400,97885,1128345150,17959819
136540,17050,207976974150,44605,758741300,12198063
187420,9240,206968700400,142604,1307807230,22399210
120240,28750,206723741250,40093,1156994750,7190391
352770,15500,206384685500,569394,8963874050,13315141
104540,17750,206357630500,108517,1920188150,11625782
255440,15800,206316400000,134511,2123591950,13058000
050960,30550,206243050000,65604,2005357000,6751000
046120,8250,205989547500,289350,2408811000,24968430
02826K,126000,205055550000,11504,1466969500,1627425
244920,9050,204599621650,127720,1153243020,22607693
000320,15350,204019167850,196001,3009743250,13291151
220100,14950,204007266450,106583,1591427300,13645971
067280,34400,203881197600,7089,243077050,5926779
226330,15100,203759641600,108084,1645018700,13494016
015890,6970,203724387500,146407,1016291130,29228750
224110,38100,203454000000,166155,6338405050,5340000
079940,15000,203035260000,45156,665458400,13535684
082210,8570,202902900070,192755,1655962410,23675951
053080,47100,202254135300,16888,797488000,4294143
312610,9980,202163742240,93957,943235160,20256888
005320,3845,201780866805,336914,1284804535,52478769
126700,13500,201718512000,98487,1345950300,14942112
078520,7450,201399269550,42507,315691480,27033459
008040,1425,201131055000,56804475,87062657375,141144600
111710,9730,200321240000,46124,447217790,20588000
036190,33300,199800000000,6620,221827450,6000000
348030,21450,199570800000,85670,1865775200,9304000
004720,13550,199360242150,1256250,17003118550,14712933
171120,10500,198382548000,343853,3547577910,18893576
089140,16700,197836884000,4662506,94479033650,11846520
014280,6770,197517694950,547624,3669069010,29175435
000860,30350,197275000000,20876,623402250,6500000
335810,17500,196767305000,141272,2502950200,11243846
068050,7190,195912990580,410079,2904412550,27247982
083930,12650,194971894700,78321,969816600,15412798
014530,5590,194920057800,905862,5028183510,34869420
004150,4640,194919797280,339242,1561602660,42008577
024090,16650,194805000000,39166,645150200,11700000
33626K,14550,194449110000,76999,1100546200,13364200
089470,6060,193314000000,56901,342495820,31900000
004440,15150,192888997050,106247,1608145900,12731947
004970,12050,192800000000,46724,558159600,16000000
054210,7600,192213196000,134569,1016977450,25291210
012690,5250,191999088750,184112,956667520,36571255
041930,12100,191180000000,76501,914116400,15800000
236200,26500,190621734500,41820,1115379150,7193273
012170,3000,190527588000,1191497,3799539140,63509196
023450,52400,189164000000,2385,125128100,3610000
108490,16800,189016800000,54532,907460800,11251000
027050,4725,189000000000,127013,601393670,40000000
163730,20450,188937836300,62774,1280343550,9239014
016880,2380,188920425400,1959685,4769375585,79378330
123690,11750,188799000000,67159,788933750,16068000
078890,11900,188638157400,343436,4130375600,15851946
024950,14200,188484793400,104744,1482854200,13273577
181340,26500,188285150000,57394,1516491100,7105100
000155,46700,186634775400,46412,2202301250,3996462
005740,12500,185591837500,185905,2287624800,14847347
034300,46350,185400000000,25166,1158303400,4000000
071200,7590,185169116220,83371,629300700,24396458
137950,8270,184154821780,660759,5508574190,22267814
012030,915,184074148695,789288,720267256,201173933
001750,14450,183927316300,58324,835385350,12728534
014190,5190,183725512140,722282,3792132850,35399906
011370,1820,183628654300,3723548,6698076595,100894865
241710,17150,183162000000,180250,3058962900,10680000
001380,4060,182554420580,583611,2360653490,44964143
017180,5370,182330047980,198888,1050787860,33953454
302430,18650,182295096400,22712,426205000,9774536
072020,18300,182268000000,369699,6803230000,9960000
024810,253,181732944096,0,0,718312032
260930,9390,181617539490,18316,172236380,19341591
003960,19800,181456446600,87262,1693987000,9164467
003830,136500,181272000000,458,62352500,1328000
101140,3510,180980503470,298321,1044111025,51561397
046210,5630,180929395800,275015,1553742990,32136660
241790,18050,180547543700,80625,1469052050,10002634
089230,1075,180440850550,1121424,1199777825,167851954
206560,7080,179464802880,314722,2194925820,25348136
267320,4550,179254320700,155217,706867795,39396554
180400,7740,178624199880,0,0,23078062
039570,10850,178591000000,38012,407595600,16460000
013990,5420,178250445120,1043107,5586074360,32887536
291650,21050,178211952300,49713,1056701850,8466126
204620,3655,178132605605,491597,1776719390,48736691
109610,3790,177633820780,267574,1008591920,46869082
064820,5730,177066901440,1667783,9539949540,30901728
038620,4360,176963832600,2029728,8785454760,40588035
052330,11350,176771165200,158211,1748198950,15574552
049960,18800,176720000000,13491,252907800,9400000
28513K,121000,176499070000,14099,1694752500,1458670
091580,13200,175998583200,75314,1002518700,13333226
050110,2490,175979876010,263923,658005975,70674649
134380,80000,175941440000,350,28019800,2199268
347740,23450,175937001800,186353,4372418700,7502644
008260,6150,175890719550,22042522,134955297150,28600117
088290,7760,175657726800,139187,1076070160,22636305
073560,2530,175171236790,3801680,9749436570,69237643
032820,1350,174851430300,5260901,7197070100,129519578
234100,5590,174723527550,415519,2334063510,31256445
032560,10900,174400000000,1428711,15030455500,16000000
203400,13500,174298108500,31617,437266400,12910971
264900,13900,174081515000,204967,2858505750,12523850
053160,29000,174000000000,211822,6266579850,6000000
054670,12100,173694532000,198313,2406361100,14354920
205100,5110,173138415030,712561,3680724890,33882273
217730,6770,173052627760,102509,691406820,25561688
186230,18000,172939356000,1635295,29400711550,9607742
301300,32050,172883148500,28020,897526550,5394170
046140,8050,172781617750,150737,1198852680,21463555
290720,25350,172532961900,9331,235684000,6806034
002630,1455,172525840755,629338,920730750,118574461
066620,23000,172500000000,56671,1292991600,7500000
100250,3070,171598546440,259311,792677865,55895292
950170,4900,171527033300,65736,320325315,35005517
001540,13150,171507823000,22444,294521800,13042420
025820,5120,171223040000,9370433,46390610985,33442000
067830,4170,171140532150,308124,1288456285,41040895
092200,4400,171109703600,747606,3326822235,38888569
122350,4455,170802151740,477958,2137439360,38339428
010690,4890,170760804900,107481,527152875,34920410
142760,6220,170503983520,1073195,6742770090,27412216
347890,10150,170501770600,56537,575334600,16798204
130660,5230,170498000000,1347843,7123831475,32600000
282690,12400,170289386000,34750,428833550,13733015
263690,14950,169317869500,233743,3478579550,11325610
025750,2100,169186812900,1947334,4083347130,80565149
241520,6110,169111767370,542756,3304797730,27677867
001790,3770,169078053300,3271722,12635610045,44848290
084730,16150,168374764300,2027555,34929069500,10425682
002460,13500,168085800000,139090,1870553000,12450800
263770,7080,167797217760,449420,3155519360,23700172
014200,3170,167763481780,18101899,55479195265,52922234
220260,6310,167582917170,140581,881996510,26558307
023000,4180,167200000000,2067583,8784221705,40000000
37550K,78900,166785526500,15701,1224447000,2113885
041460,7770,166738364730,212611,1648654290,21459249
002795,25800,166249266000,58988,1515767250,6443770
000890,1215,166194964485,32986484,40127070325,136785979
000230,14400,166181760000,8625,124532700,11540400
007110,2140,165757145400,6345369,13555505960,77456610
074610,3500,165690556500,618792,2180218435,47340159
020760,4805,165620114230,148780,721504540,34468286
088390,17700,165509938800,124253,2186879750,9350844
307930,10600,165466000000,84101,889377300,15610000
290550,20100,165449793300,68557,1384222700,8231333
205500,4000,165330580000,11099904,43383388595,41332645
045340,19300,165170172000,61547,1194574600,8558040
040300,3930,165060000000,26090,100748575,42000000
155650,8260,164988197080,101380,837092260,19974358
251630,10950,164803851000,52698,571663600,15050580
020710,8220,164794313400,157809,1285359080,20047970
176440,1920,164619542400,0,0,85739345
263700,9550,164604105600,159644,1539711340,17236032
072870,13800,164509234200,94700,1290862950,11920959
124560,8420,164499788640,1824492,15207794800,19536792
094360,17050,164367370750,5408404,93881779700,9640315
246690,4205,164335096195,3912012,16095567080,39080879
012790,14650,164331774900,46877,695508750,11217186
005710,8180,163907568000,28181,230060320,20037600
011150,4560,163844324880,226028,1028778075,35930773
126880,7050,163594566150,164589,1162269910,23204903
057680,3480,163574675160,168741,589639815,47004217
049550,8880,163568996160,34417,306259640,18419932
153710,11200,163401929600,43139,483708900,14589458
140610,17000,163274868000,33052,559899000,9604404
045520,25100,163150000000,31662,791434500,6500000
330350,18500,162659677500,14962,273577550,8792415
044820,16900,162306264900,13764,229854200,9603921
241690,6870,162170403300,43008,296377650,23605590
002700,2280,161988347880,2815384,6438962125,71047521
067570,4970,161741632360,170270,847659855,32543588
004250,4400,161568000000,96528,426449925,36720000
189980,4205,161417869035,363272,1529020345,38387127
048550,1705,161310254600,287154,486342360,94610120
073640,2340,161206603740,77876,181823110,68891711
217500,5060,160968720000,310475,1559536630,31812000
347000,19700,160961686800,30729,605726550,8170644
130580,10450,160930000000,11550,120202300,15400000
305090,22150,160844440000,46201,1035958650,7261600
042510,4240,160797289360,752285,3185735715,37923889
003547,16050,160500000000,39909,635466700,10000000
006890,13800,160080000000,73949,1007123500,11600000
033540,3770,160071278250,1094471,4082615855,42459225
060240,6290,159950196360,101927,640940600,25429284
060590,7050,159853977150,60723,428490290,22674323
227950,2725,159729902550,2193089,5991940220,58616478
012860,2800,159469968000,601473,1660585975,56953560
331920,19500,159200886000,56495,1111410100,8164148
047400,3790,159180000000,361549,1378991335,42000000
003535,33150,159120000000,1998733,68850893800,4800000
071670,15900,159000000000,82767,1320876800,10000000
114450,10600,159000000000,616627,6570183350,15000000
027830,3975,159000000000,1676844,6737703995,40000000
065650,3810,158924644050,117798,447090790,41712505
168490,1985,158839700000,2607,5176915,80020000
037330,3615,158645084760,522437,1875695810,43885224
269620,2130,158379739050,2626359,5690317430,74356685
007540,55000,158169000000,25908,1416423100,2875800
259630,13850,157923738600,48666,675830600,11402436
036090,1750,157904923750,2241695,3969380300,90231385
043290,4100,157864641100,473596,1927231255,38503571
304100,31050,157762410750,17066,530420050,5080915
092870,15050,157665711350,84743,1264601850,10476127
094850,11250,157500000000,170773,1919749000,14000000
297890,22150,157474317500,122989,2672395650,7109450
033320,8230,157311775360,163147,1346377840,19114432
003350,34700,157260400000,9438,326357300,4532000
026150,10050,157038546300,14811951,146008939750,15625726
058630,8020,156741893540,363077,2933310360,19543877
214270,1420,156523464640,58847275,89668159170,110227792
200780,17600,156505958400,101408,1769876000,8892384
117580,5690,156475000000,17880,101457920,27500000
007820,7810,156465118260,145243,1152169070,20033946
002450,1725,156165828375,429185,738341230,90530915
006740,7030,156066000000,81397,572371770,22200000
007660,3775,155788202450,993205,3783426190,41268398
122310,10700,155726130800,86072,918252300,14553844
274090,13200,155549961600,767454,10539247400,11784088
103590,4185,155181432150,262884,1094484610,37080390
102280,645,155108204865,10816254,6935689720,240477837
138360,4480,155061688320,0,0,34611984
000220,9940,154832656440,665280,6655592570,15576726
003460,2730,154797592950,289277,787150930,56702415
302550,25350,154692443100,29174,741933000,6102266
046390,3575,154343235475,563663,2041907005,43172933
261200,10450,154219950500,139186,1488694700,14757890
039340,6680,153640000000,57162,379028570,23000000
032850,9240,153599227320,78853,726038340,16623293
239340,5690,153514117460,142571,812077660,26979634
019440,17900,153403000000,384005,6933557350,8570000
004060,756,153033269760,876097,660953317,202424960
036560,9700,152775000000,264157,2503079100,15750000
321820,22100,152390152200,77733,1711801800,6895482
008250,13900,152241626500,653212,8943774150,10952635
078860,2600,152219150200,17479740,52243034560,58545827
013570,5780,152127478740,82217,475375690,26319633
006910,3150,152007858450,838173,2605983955,48256463
008600,2310,151933116720,34945601,88675064390,65771912
056080,4050,151924215600,135343,549725470,37512152
040350,1270,151722949030,434902,557465530,119466889
225220,15850,151639803000,295765,4778360850,9567180
306620,4070,151435021540,1250120,5167897770,37207622
067390,5890,151253150280,179718,1058180440,25679652
043220,1660,151251525820,2175409,3767224830,91115377
027740,762,151236116628,4733947,3622082109,198472594
179290,4840,150926436320,360680,1738803345,31183148
203690,3295,150769143660,127554,417469330,45756948
019175,68400,150480000000,54038,3574724300,2200000
092440,5150,150380000000,128239,652341255,29200000
096630,2300,150111165200,741208,1719882900,65265724
002360,1350,150030535500,161873564,216925673865,111133730
060560,1175,150011691875,3590188,4196858170,127669525
043650,8400,150009753600,48795,405941440,17858304
267290,25300,149153771800,73688,1838678500,5895406
080000,4340,148961255800,192954,844542380,34322870
001260,15150,148907850150,50230,763700550,9828901
119830,10200,148802924400,485164,4988865460,14588522
065130,9300,148579190100,89671,833664390,15976257
214430,20900,148531284000,16012,334705600,7106760
086040,10150,148444998450,123752,1274275150,14625123
019660,4530,148422365070,284525,1276741935,32764319
003650,85300,148394021600,38957,3353827600,1739672
009460,2485,148273702710,3456821,8646228085,59667486
238490,13100,148190291600,71800,938649650,11312236
023460,3980,148056000000,482354,1888247670,37200000
060370,6760,148044000000,1295855,8615393960,21900000
036120,4165,147857500000,57545,238970355,35500000
141000,12200,147799462000,110707,1335624950,12114710
03473K,261000,147761235000,2297,599054000,566135
053260,7890,147700800000,435109,3413764660,18720000
009270,1735,147548735765,2388497,4192860765,85042499
032860,12000,147439800000,575928,6750644050,12286650
265740,16500,147374700000,41790,690251750,8931800
234300,7060,147032689600,419324,2964733610,20826160
058970,27350,147013196900,4849,132413000,5375254
041520,12050,146874196500,25475,306735900,12188730
090710,1320,146484242520,36996057,48592868000,110972911
351330,18750,146306250000,226128,4236356250,7803000
079960,18600,146196000000,33011,613534400,7860000
042520,14450,145988075450,80517,1160210650,10102981
011320,7550,145871247250,76288,572326660,19320695
196490,6160,145809048000,132967,817088460,23670300
093920,7820,145452000000,44164,343840650,18600000
033130,3910,145120693970,361099,1406286510,37115267
051980,2075,145010455775,598416,1219309200,69884557
033830,1450,145000000000,1032644,1500403085,100000000
290690,17550,144907594650,53385,943841400,8256843
099750,22650,144642900000,33896,763596600,6386000
012200,4435,144581000000,122146,540679340,32600000
217820,12800,144557235200,659901,8638930900,11293534
263600,9060,144328608600,290685,2654851900,15930310
163560,10350,143865000000,140944,1447399050,13900000
013870,7520,143423545600,44411,330058890,19072280
206400,6260,143327651660,74811,468474040,22895791
004840,7180,143097400000,61125,437700260,19930000
143210,6540,142985772720,42178,277627610,21863268
093240,4585,142844748830,185248,848588215,31154798
087260,4400,142834762400,321895,1425972625,32462446
100590,9660,142616376000,36646,350254940,14763600
047080,5750,142484057000,233493,1351659990,24779836
027970,2475,142468417575,4603048,11400703905,57562997
182360,4125,142390206750,377658,1550079195,34518838
004270,3925,142132728000,581877,2309170320,36212160
066130,11100,142080000000,134856,1492639000,12800000
002720,7340,141486500600,131206,971283560,19276090
099220,2935,141404525590,301408,881135865,48178714
347770,18800,141147974800,115727,2165806500,7507871
007720,1400,141120630000,548726,769052100,100800450
290520,17500,141072400000,18679,324694400,8061280
015710,8040,140945220000,1030728,8217932390,17530500
001840,7110,140818953600,440712,3101750270,19805760
134790,70300,140600000000,8927,623994300,2000000
041910,11800,140399503400,113099,1315061350,11898263
000300,1180,140367049860,3679716,4288842600,118955127
100840,18650,140000160150,21064,390924200,7506711
089890,8440,139977079280,98569,824654210,16584962
086960,15850,139933436800,40139,635394450,8828608
001045,61900,139907803700,7391,453632900,2260223
290380,14800,139777120000,171082,2553507900,9444400
054800,13500,139694706000,10528,142013000,10347756
011390,132000,139392000000,14118,1857398000,1056000
005990,10150,139240785600,26152,263500220,13718304
131030,8400,139144294800,169256,1441696520,16564797
015590,601,138958194438,1332290,794955003,231211638
170030,9050,138827000000,74891,678294630,15340000
004410,377,138723139776,6295796,2377785610,367965888
086080,4200,138310561200,4568,18889855,32931086
007980,2870,138189314690,962351,2736857380,48149587
009190,4660,137777275740,2924118,13667073865,29565939
002760,2295,137470500000,334665,762518245,59900000
017900,2370,137326718310,74157,175255215,57943763
214420,7780,137239200000,13825,107585380,17640000
133750,5860,137165471220,1085074,6492581570,23407077
094170,7800,137104546800,1465116,11601581340,17577506
950140,6900,137088275400,422124,2867118190,19867866
352940,12600,136933398000,1082475,13625539050,10867730
041920,15800,136677836800,66269,1056991150,8650496
042600,11000,136659314000,73698,805981150,12423574
237820,10650,136609041000,85980,917140850,12827140
109740,6690,136173364470,92349,618659790,20354763
021050,2855,135539954450,1942938,5443823915,47474590
208710,3260,135066403120,1073108,3468313460,41431412
004080,14200,134900000000,31067,441150900,9500000
104620,28300,134867895000,105756,2980332950,4765650
065950,4770,134663310540,190171,904816585,28231302
192250,1905,134628744585,604120,1136612435,70671257
051490,9480,134616000000,56264,532295420,14200000
017650,14950,134550000000,40908,605181800,9000000
303030,3780,134532350820,2484055,9521641265,35590569
227840,14750,134237331000,48975,719259150,9100836
019770,11500,133975000000,167081,1915817100,11650000
013310,3450,133882707900,312757,1081411425,38806582
057880,1700,133783526400,870642,1479996315,78696192
293580,14100,133668000000,57050,798758050,9480000
006110,12150,133650000000,1260988,15151134300,11000000
002710,5680,133480000000,6317546,35082110390,23500000
033200,9310,133423332350,18694,172063880,14331185
129260,4485,133419214890,516259,2343763060,29747874
001290,1375,133229885250,322889,436078760,96894462
025550,5430,133155839220,62052210,346882998600,24522254
051360,7950,132900611100,112447,897040710,16717058
262840,13450,132617000000,258502,3518461600,9860000
053980,7470,132576678540,101466,763017680,17747882
015230,9260,132289424900,399610,3667032060,14286115
065170,1520,132234055280,362517,553719510,86996089
115160,4555,132188304620,105703,479180005,29020484
253590,3515,132078191820,94593,331681870,37575588
060310,2890,132005200600,327734,945361070,45676540
068940,3800,131782943600,187791,717223960,34679722
117730,9680,131563551680,209538,2024811890,13591276
004090,20050,131367600000,5224792,109911560850,6552000
049080,1820,131130335700,175951,315209110,72049635
003480,4440,131112365280,192106,844251600,29529812
335890,2395,131102300000,233869,563219620,54740000
034940,4230,131044668210,195125,834506660,30979827
017480,8340,130962102600,1881532,15676307160,15702890
109960,732,130804898844,269898,196872442,178695217
010960,5230,130750000000,140688,732949600,25000000
013810,8900,130433683000,155009,1374846620,14655470
091590,11100,130314000000,62800,696496700,11740000
037230,5200,130000000000,115349,601288190,25000000
005430,41000,129820555000,14697,604421150,3166355
046940,7180,129773833000,848178,6066711870,18074350
048430,11250,129600000000,75411,842065150,11520000
054220,5780,129588605720,0,0,22420174
089150,7550,129482500000,188948,1426023490,17150000
002880,1205,129429704315,1503193,1848890960,107410543
229000,20000,129340760000,21821,437851550,6467038
011090,2155,129281986355,940062,1997428375,59991641
066310,15600,129140388000,14556,226063550,8278230
058850,3025,129122125000,764696,2283224925,42685000
049830,21050,129080957600,105959,2235543250,6132112
033560,7110,128606014170,51219,362877430,18088047
000520,9580,128476057960,33576,320743520,13410862
260660,12450,128239668750,29321,361439350,10300375
053690,11700,128203335000,123747,1440018200,10957550
016250,63300,128134835100,38240,2423304800,2024247
101930,13700,127844358500,357767,4934156850,9331705
023960,4430,127615395410,309837,1377004200,28807087
004650,13850,127293757250,35661,490097200,9190885
080720,16100,127250020800,1017298,16387454400,7903728
014580,4605,127020175500,626693,2901889275,27583100
012160,1310,126975127180,5975395,7631535730,96927578
000910,8130,126922462470,257861,2107150850,15611619
005010,16650,126900772200,436426,7151333350,7621668
007680,10350,126885835350,61254,627828000,12259501
092460,10800,126845762400,1806754,19179027700,11744978
038460,6280,126151384000,130950,831625070,20087800
123570,5650,125859840700,12000,67401010,22276078
010820,2615,125680717900,687049,1789763460,48061460
069540,5420,125605134180,0,0,23174379
228340,6280,125600000000,133947,842093300,20000000
272110,17000,125509436000,81393,1360882300,7382908
171090,13900,125508646100,81903,1137411400,9029399
008420,6120,125481450600,5477468,33124104310,20503505
064800,1595,125311627980,838183,1334121300,78565284
006140,8350,125250000000,14725,122889740,15000000
126600,5930,125215709620,184113,1084567300,21115634
106190,17650,125117002300,20193,355544250,7088782
311690,32000,125115136000,5605,178925350,3909848
095500,4650,125085413850,188316,870428265,26900089
270520,4000,124835632000,156675,624522975,31208908
339950,2775,124726967625,1695124,4676897520,44946655
091090,1755,124405644285,419250,732433055,70886407
069510,11400,124374000000,28816,328992550,10910000
378850,6540,124218294420,560806,3676740820,18993623
016740,4580,123965394400,207663,945866095,27066680
131400,5410,123840553450,305211,1665092880,22891045
053700,6870,123755685360,88667,606074190,18013928
005750,7420,123708020800,91098,674891970,16672240
148140,6070,123704202350,466784,2878421770,20379605
083550,11500,123683811000,66947,764743500,10755114
053950,7090,123667800030,69270,491458390,17442567
044060,9380,123587052960,146891,1385301550,13175592
016790,20050,123317244300,2824487,60269600450,6150486
033170,1435,123020137765,2235205,3225298840,85728319
024060,8190,122850000000,3432727,27940348960,15000000
063440,2720,122751298880,1265484,3464784545,45129154
190510,8920,122580245600,79405,710133840,13742180
014970,8100,122512500000,11315,91186310,15125000
017040,2825,122428762375,9042916,27045252585,43337615
078000,12600,122254095600,25543,322191500,9702706
002800,8040,121970820000,39278,317349640,15170500
011330,1775,121960858825,1554139,2742819410,68710343
065770,6470,121863420500,987883,6527329310,18835150
006370,11250,121743123750,10255,113199200,10821611
189330,40750,121481536500,8697,351970550,2981142
034590,27750,121399423500,7513,207189750,4374754
078140,10950,121398040050,28310,309992000,11086579
023440,3580,121326275180,335521,1206758585,33890021
002870,3470,121306689000,272107,931851750,34958700
101330,5060,121228431280,251680,1257085475,23958188
361390,49550,121008037000,16564,827141450,2442140
014570,11000,121000000000,46834,513518800,11000000
118000,2255,120778160800,630431,1431713355,53560160
241770,11900,120745016000,16291,194906900,10146640
004770,3465,120737963115,378471,1317083230,34845011
057030,7390,120550830830,166675,1233710370,16312697
005870,8540,120550768100,158829,1347242490,14116015
037440,8640,120290184000,374214,3198477180,13922475
001550,23100,119940720900,129312,2985743550,5192239
334890,4990,119760000000,141172,704118390,24000000
143540,2760,119321352240,410507,1122600200,43232374
039020,5280,119247263520,2081313,10874481405,22584709
052460,8160,119200757760,332378,2736197830,14607936
155660,7450,119200000000,277957,2043917530,16000000
009200,2860,119002626600,78428,224705145,41609310
148250,16100,118922988100,29595,476199400,7386521
200470,6770,118838413600,58442,396448360,17553680
002140,4765,118836360125,1374276,6617940830,24939425
038070,14300,118699666800,392523,5712034950,8300676
006980,38400,118656000000,142462,5594530400,3090000
086710,19400,118643610000,29230,561917200,6115650
025440,1175,118606078025,982247,1152312805,100941343
33637K,16100,118599040000,22299,361179750,7366400
019010,2460,118572000000,965747,2378082775,48200000
000040,1230,118248962640,2166321,2695403120,96137368
037950,1400,118226526600,368713,517950745,84447519
192410,4100,118211753500,187908,763404265,28832135
013360,2185,118044362800,635407,1390731585,54024880
009320,2475,117924778125,160328,397206205,47646375
060230,1520,117890944640,467815,701814670,77559832
317240,1300,117454073100,250299,326425465,90349287
038680,7300,117349069500,66620,485799680,16075215
152550,1675,117283500000,2322,3877925,70020000
016090,2640,116905298400,399229,1046915915,44282310
022220,2255,116796775645,879310,1961972475,51794579
322510,7710,116652215190,64356,502268730,15129989
064850,9640,116451200000,70109,684284900,12080000
900310,2155,116370000000,574936,1230979160,54000000
198440,3635,116247154600,486958,1760278595,31979960
300080,22250,115918294750,81570,1796534850,5209811
072990,16550,115777362050,104306,1728122650,6995611
024900,3555,115768503900,286367,1023109495,32564980
208140,3555,115643524320,569755,2021253660,32529824
085310,1445,115575943640,2016857,2892146860,79983352
347700,11600,115400802000,248523,2902349400,9948345
124500,5790,115263458070,297009,1712270050,19907333
002600,192000,115200000000,107,20378500,600000
006660,14150,114987343100,108052,1474606050,8126314
013700,2540,114686791200,699939,1800953265,45152280
036710,2815,114467974885,235416,661968960,40663579
024910,3190,114262625950,62897,199433040,35819005
024800,4185,113888832300,1002764,4162773835,27213580
900250,1680,113876871360,593798,999830050,67783852
170920,14200,113874954600,66209,946220500,8019363
225330,6110,113857577080,62981,384195040,18634628
075180,5930,113856000000,5770,34071480,19200000
065500,970,113698125140,3716465,3632550710,117214562
024890,2755,113641413760,183543,504836100,41249152
127710,4455,113641409970,930106,4168611590,25508734
023810,11350,113500000000,91410,1030021550,10000000
131220,15200,113308248000,164659,2514544000,7454490
000500,27200,113161438400,32124,874808150,4160347
239890,25050,113126200800,86138,2137720800,4516016
264660,13450,113053706000,31604,419648300,8405480
030790,8610,113030779890,67030,578072390,13127849
111870,1170,112930535250,262157,309128910,96521825
357550,20700,112918500000,18408,380399750,5455000
053350,5700,112808221200,131113,753442260,19790916
108860,5100,112485319500,260230,1329952380,22055945
260970,37000,112347540000,1302,49173950,3036420
035000,6770,112161358930,84841,578527490,16567409
086670,13750,112014773750,110606,1514774900,8146529
072470,5930,112001932130,83019,491484570,18887341
317120,11650,111787575000,447909,5187223450,9595500
039290,12850,111717617300,512966,6622909800,8693978
003610,2640,111709197600,337060,897181665,42314090
094860,2080,111650325280,173476,357907150,53678041
193250,2060,111543304100,403785,836748135,54147235
002230,5670,111524607810,24991,140378900,19669243
065710,21550,110982500000,22817,489967200,5150000
006340,1560,110786468520,1881894,2914603715,71016967
105740,13100,110693847200,106018,1398068400,8449912
327260,30700,110415251600,45018,1383818650,3596588
049430,12200,110385600000,44154,539895000,9048000
097870,13000,110370000000,3998370,50506267100,8490000
066900,4840,110083394520,46327,222553495,22744503
040420,7020,110056415040,194866,1363085240,15677552
016600,655,109975759565,940188,610016299,167901923
056730,1550,109591063600,0,0,70703912
137940,1420,109504965660,324838,460691340,77116173
001140,2035,109301811740,3870738,8284339515,53710964
039830,10150,109243333500,127558,1290132200,10762890
083640,2565,109027795095,1305358,3330238475,42505963
341310,6300,108948420000,2157,13334870,17293400
105550,5970,108940518210,711459,4344476970,18247993
036670,9660,108868200000,25030,242740980,11270000
088130,10200,108761967600,78701,803131150,10662938
073570,1380,108515770080,311501,428497980,78634616
065150,867,108410172456,599180,522551893,125040568
047560,9700,108288685400,89412,871314750,11163782
052600,9360,108236232000,125884,1188822860,11563700
041440,6040,108212301760,327078,1947338950,17915944
075970,5880,108192000000,331581,1936037860,18400000
226360,1990,108125660970,132860,265007425,54334503
059270,23350,108110500000,61989,1435033950,4630000
024120,9390,107985000000,16479,154736500,11500000
250000,15950,107674191350,16328,260307050,6750733
222980,10200,107454909000,540408,5451390990,10534795
289010,8350,107414708950,51070,427424920,12864037
060850,13200,107329200000,29355,386613300,8131000
090470,7340,107147910720,17735,130004890,14597808
083650,4120,107120000000,167848,694510170,26000000
013520,2135,106859423020,3068494,6576941910,50051252
065510,8970,106589352870,94203,847016400,11882871
012280,1995,106522037475,1189085,2377889340,53394505
010240,8630,106344866480,104720,892880950,12322696
217480,4740,106247412840,29879,141112585,22415066
014710,6170,106238410310,294394,1814382660,17218543
039240,4245,106125000000,4529815,19368203375,25000000
100220,8160,106053406560,79620,652756410,12996741
265560,19800,105832782000,49179,968311800,5345090
035620,1440,105823444320,366199,528978950,73488503
092600,5040,105575400000,248375,1258236995,20947500
044960,8350,105559723050,5841255,51077743860,12641883
056700,3620,105469029420,186749,674930825,29135091
225190,10450,105468715000,63080,652449550,10092700
033100,6550,105208778950,183721,1193683610,16062409
111110,13100,104800000000,64406,838254850,8000000
012320,44300,104770518900,4793,209903250,2365023
093190,5440,104659643200,33205,180428620,19238905
218150,5600,104559996800,1895517,11160238620,18671428
094840,9980,104508963200,89581,904196220,10471840
012340,3475,104404644450,227792,786713910,30044502
047770,2755,104256368510,457545,1262710570,37842602
052790,9200,104241869600,29871,274131100,11330638
001080,25100,104165000000,88561,2215461200,4150000
350520,5050,104030000000,59316,299206000,20600000
158430,23850,103832811450,7660,181355600,4353577
003720,3050,103700000000,179136,530659665,34000000
009440,4610,103425257800,26899,123682160,22434980
057540,2225,103349814875,300157,670969635,46449355
003080,5160,103303200000,375937,1900389895,20020000
079810,7920,103251923280,56031,442657230,13036859
004870,1345,103159709805,369121,492547325,76698669
052300,322,103084238936,0,0,320137388
310200,3620,102834929180,35867333,120810902630,28407439
002200,25700,102800000000,26575,678704350,4000000
318410,18900,102631592700,26762,504888900,5430243
026940,5130,102600000000,1154617,5887213810,20000000
123410,3685,102594320840,539194,1994149050,27841064
216400,13300,102560489500,3567,47077300,7711315
123010,2065,102396000665,286138,589051200,49586441
006090,10850,102236718150,143774,1559042000,9422739
005360,5410,102234430870,235988,1264228240,18897307
105840,5050,102162732200,139739,702625085,20230244
117670,4710,102098754780,159432,755602740,21677018
007590,7490,101995651730,72073,539996950,13617577
004910,7950,101760000000,102021,798054250,12800000
062860,10300,101689016000,14490,148801890,9872720
219130,16100,101660069000,87979,1403792950,6314290
031510,3630,101640000000,469546,1701356400,28000000
049720,7080,101244000000,48343,343441020,14300000
357250,5030,101103000000,108438,541873940,20100000
200350,20250,101017509750,4236,85090800,4988519
058860,2900,100925800000,152500,439555425,34802000
119650,7760,100880000000,88855,679735500,13000000
000650,70400,100617088000,2007,141494300,1429220
053270,3810,100561802940,311289,1191812175,26394174
037350,6500,100555000000,74873,486433020,15470000
297570,5800,100510601200,1533450,9038602270,17329414
019990,10300,100487706400,206597,2170253550,9756088
083500,11950,100209377900,45227,541357500,8385722
052670,3440,100203980160,4365334,15480477980,29129064
004780,6300,100190153700,112689,705249290,15903199
232680,22900,100096014500,5660,129942650,4371005
180060,11750,99953325500,14,163150,8506666
002410,4025,99948727550,135803,543926410,24831982
069920,3870,99948020940,14703,57200760,25826362
094940,11950,99918562700,463222,5446888550,8361386
258610,6890,99729477250,394480,2565301900,14474525
065560,5770,99593806250,0,0,17260625
145210,631,99450531265,1332963,830609001,157607815
123840,1270,99448590790,4300216,5477360610,78305977
006805,7060,99374795000,218947,1540770570,14075750
036640,6070,99273636000,136773,820932780,16354800
010100,3260,99268369200,2908789,9594799350,30450420
290740,9820,98838408020,432968,4020910980,10065011
032790,4075,98771158075,0,0,24238321
064240,2980,98622372880,36030,107623615,33094756
041650,4590,98553955500,136165,633094595,21471450
043260,1845,98532933480,501832,928137360,53405384
215790,2435,98089467815,1122773,2724900495,40283149
109860,14000,98000000000,62475,872272650,7000000
002070,3560,97901477400,221270,783070615,27500415
242040,3020,97849993200,137446,412001550,32400660
322780,2850,97771170900,175041,500670855,34305674
038530,1270,97699302950,903128,1158524280,76928585
220180,5020,97388000000,75316,375747760,19400000
005800,108000,97200000000,1617,173553500,900000
053620,11300,97180000000,15298,171372350,8600000
036010,7310,97171347540,195162,1434430540,13292934
250060,3015,96996511710,418938,1249849290,32171314
009300,15200,96824000000,9571,145017050,6370000
164060,12400,96652544000,242932,3041040450,7794560
042500,6290,96594762620,122355,762253230,15356878
006050,2765,96485346895,291347,799180850,34895243
038870,8300,96371250200,26178,216605590,11610994
000215,57100,96277166500,73925,4267956700,1686115
009180,3500,96170987500,1547595,5356988940,27477425
014440,4800,96000000000,215282,1026573535,20000000
000590,83000,95822006000,84054,7050062500,1154482
044990,12750,95766066000,6194,77114700,7511064
032940,5250,95514457500,51565,270491600,18193230
050090,1205,95362425110,598574,712946310,79138942
221610,339,95353335225,0,0,281278275
037030,5770,95209004380,104733,597867540,16500694
073010,2630,95185635910,961541,2450844510,36192257
073110,10700,95184578500,30168,319249950,8895755
223250,17000,95131490000,8945,150699250,5595970
017370,5190,95049940260,64595,329994620,18314054
308100,14400,94992480000,114579,1629661650,6596700
052900,2020,94708707980,380923,763933440,46885499
002220,3580,94502477200,5341500,18020356415,26397340
004590,6300,94500000000,141352,898838920,15000000
101000,1320,94475251200,644313,830575980,71572160
003010,7430,94455710210,216295,1595536100,12712747
263800,5930,94278579400,23537,138936110,15898580
133820,3190,94264500000,1657382,5290072565,29550000
105330,7760,94170564320,24828,192790770,12135382
094820,6220,93789569980,117660,735122940,15078709
226340,3055,93787265780,411642,1268574440,30699596
036690,6130,93711339030,60382,370021110,15287331
081150,3860,93676031720,585216,2232372830,24268402
069730,6500,93600000000,483357,3103246440,14400000
097800,2430,93593306520,264801,644245915,38515764
009780,5300,93280000000,73876,390334140,17600000
043340,1295,93240000000,991933,1291670180,72000000
024850,2330,93238498590,1177227,2767928700,40016523
071280,6090,93156312270,93098,567823660,15296603
104200,6280,93117014000,17361,108043360,14827550
054090,3730,93097935360,192302,717017305,24959232
053450,6440,93069669280,0,0,14451812
040610,2730,93058045080,170739,462430755,34087196
215100,5220,92907929880,244527,1272713550,17798454
003310,2625,92904918750,4706359,12651094165,35392350
273060,1950,92728295400,67617,131748145,47552972
145270,2005,92679374635,340939,685457755,46224127
088910,3585,92606873940,224159,802038755,25831764
101390,2175,92538515700,763216,1639445490,42546444
005860,2345,92401641325,31044798,77544459525,39403685
015020,2150,92130940000,2013733,4552047665,42851600
176750,10400,92130344800,12744,132834150,8858687
093520,5700,92129624400,87833,504938380,16163092
121850,5940,92065687560,531565,3116751830,15499274
002920,3545,91983887500,222679,786097520,25947500
049480,2925,91910470275,146417,428503060,31422383
147760,8490,91860662340,61407,520244850,10819866
008110,8740,91686506780,42805,369751710,10490447
119850,5620,91582553360,68232,385103790,16295828
221840,5170,91489183390,46598,237959920,17696167
277070,6760,91260000000,117306,793596400,13500000
255220,2325,91077917850,471125,1085732475,39173298
150900,8150,90897707950,35979,296337260,11153093
066670,4850,90655802300,55667,267888255,18691918
037400,3575,90505936950,299284,1080648645,25316346
031820,1330,90242449780,873736,1147099345,67851466
299170,3075,89906736225,56090,172710535,29237963
080520,7650,89861558850,170175,1291190840,11746609
170790,13100,89817923000,22072,286457050,6856330
058730,5510,89813000000,104128,569397090,16300000
900100,717,89790577527,0,0,125230931
258790,3590,89718709560,403039,1455299135,24991284
039010,10400,89700000000,20792,215976650,8625000
089850,12600,89657782200,78323,973765150,7115697
032980,1340,89647041180,138208,184830540,66900777
004450,41600,89622166400,1028,42626850,2154379
040160,7410,89331514350,55914,411534300,12055535
036170,1640,89271058080,572648,946174640,54433572
103840,6260,89255080000,147321,914842480,14258000
222110,9250,89228099250,30276,281784200,9646281
065060,910,89187320040,146820,134347526,98008044
198080,4140,89155665900,176497,729283750,21535185
322180,16400,89113500000,42613,695202400,5433750
001000,3665,88977184100,7662114,28677976945,24277540
123700,5700,88947918600,1436621,8303599890,15604898
052220,3865,88895000000,167935,651522390,23000000
023350,8080,88476000000,62445,500315650,10950000
072770,2270,88455099080,1156639,2631693665,38967004
307280,2545,88407105470,201037,510650085,34737566
079190,2780,88360067660,0,0,31784197
238200,10800,88344000000,70824,762996250,8180000
056360,9010,88269168000,50039,451445530,9796800
018700,2990,88119746130,100036,299199230,29471487
036620,1245,88080930075,727416,899214010,70747735
115500,7340,88080000000,85868,635585120,12000000
042110,1820,87959806480,2703952,4863408985,48329564
023770,10100,87905642900,65602,664318470,8703529
128660,3540,87803926260,1381459,4835666130,24803369
001560,8780,87800000000,29755,258692530,10000000
000850,39900,87780000000,11914,473287150,2200000
095270,5960,87657379440,86830,526256970,14707614
006580,3260,87531000000,0,0,26850000
290120,8020,87295879460,129262,1035634650,10884773
142210,7220,87200582460,70915,508527370,12077643
303360,7800,87178377000,1674,13113630,11176715
002820,6910,87121203990,46079,313989090,12607989
138690,5410,87022657790,29326,158782770,16085519
009310,1565,86902202660,294945,458873030,55528564
001020,2300,86853365900,47989,110048440,37762333
049520,3985,86812969960,63480,253983945,21784936
065370,13200,86801536800,28980,385553050,6575874
052860,4885,86435453790,638724,3115680280,17694054
050760,5290,86410446620,34549,182258660,16334678
039610,8300,86406320000,81430,676609830,10410400
019570,882,86394738276,2636268,2352972596,97953218
104040,2760,86391535560,828924,2275171920,31301281
140670,9490,86388798600,45970,432780170,9103140
009770,34500,86248999500,3903,132529900,2499971
015540,6410,86229499400,0,0,13452340
092300,5570,86195070460,294404,1626824330,15474878
071090,4300,85997592000,11154478,47344861095,19999440
043910,1540,85894745860,632475,965269510,55775809
309930,4345,85803717395,105576,455907710,19747691
263020,11000,85395222000,60374,639983250,7763202
101730,5400,85296429000,124495,685713330,15795635
120115,30800,85250088000,37869,1154946550,2767860
014130,7100,85200000000,464576,3289489540,12000000
014990,1445,85158177775,294202,421329395,58932995
338100,4560,85089600000,147568,673303345,18660000
196450,2055,84733046430,0,0,41232626
250930,2560,84481126400,104152,266169355,33000440
307180,3975,84357541425,209773,837334465,21222023
016670,973,84222290362,0,0,86559394
226440,1565,84205670100,490062,765474440,53805540
114630,6200,84158583000,66890,422022740,13573965
024880,4745,84073096250,193326,912170330,17718250
051380,10950,83970469200,9459,103982750,7668536
018620,2905,83923396165,3315107,9829296470,28889293
173940,5830,83747250400,14767,85385210,14364880
045060,4920,83354512080,76752,375026455,16941974
101240,8220,83335872480,41806,343570660,10138184
222420,2075,83328213125,198440,407286660,40158175
096690,6480,83286532800,580991,3762806340,12852860
090740,4350,83198456700,260645,1130800800,19126082
149980,5900,83189970500,71255,420374660,14099995
050120,6130,83147847180,481141,2936119590,13564086
039420,3440,83092271200,176647,607569540,24154730
215380,6870,83078401620,58930,407078330,12092926
252500,4005,83076495975,100142,400020630,20743195
219750,5130,83019390210,201032,1029742800,16183117
042940,1420,83017089380,1243398,1773806655,58462739
286750,9050,82947648300,14044,128193530,9165486
005257,98000,82907020000,4398,434806600,845990
096350,505,82699309545,7092177,3574249298,163761009
000440,13250,82509472500,1915763,25289547250,6227130
066910,3065,82436733465,2233043,6879512795,26896161
079970,2220,82392027720,412871,932450560,37113526
256150,20100,82229100000,17988,363569450,4091000
024840,2495,82212365760,1781474,4402871960,32950848
078650,1190,82080693870,2964966,3489780955,68975373
214680,1585,82075013655,308479,488639300,51782343
041020,2190,82044320400,285817,630427905,37463160
067730,8470,81938119340,89692,766911010,9673922
153490,1605,81935250000,679388,1094943645,51050000
127120,4995,81886491540,339647,1680020540,16393692
083660,2205,81743859225,1375707,3194436645,37072045
008290,2005,81590826395,105831,211516300,40693679
027580,1735,81241636985,243990,423748790,46825151
065570,8460,81195712920,437635,3655816880,9597602
021820,8090,80900000000,0,0,10000000
054040,5030,80838588700,423520,2119037725,16071290
008800,1770,80762168880,0,0,45628344
078350,5860,80350298300,66645,391327170,13711655
008870,80300,80300000000,20982,1687947400,1000000
217950,19800,80177941800,2071,41056100,4049391
037370,10650,79875000000,30092,319932850,7500000
115440,8740,79856890560,17203,149364030,9136944
021650,4880,79790747440,131671,642601020,16350563
067010,6490,79788060000,112027,728627260,12294000
317530,11800,79782112800,358801,4271175800,6761196
318010,10050,79689846900,18385,184415300,7929338
267790,10100,79643550000,139259,1389538130,7885500
246720,6930,79643184390,158212,1089274460,11492523
076080,3980,79520805960,863081,3403376470,19980102
225430,2850,79478092500,125786,356359000,27887050
126870,2230,79475797330,0,0,35639371
069410,7750,79397386000,47960,369667050,10244824
054540,6100,79300000000,373399,2277952170,13000000
017510,5200,79279200000,4182066,21705120750,15246000
033230,2115,79272915660,112426,236075450,37481284
065620,15950,78982709300,0,0,4951894
264850,2745,78923723940,98934,272388980,28751812
177830,5600,78882400800,210414,1187360580,14086143
031310,5000,78862870000,189856,945318410,15772574
067920,7170,78842173230,48742,348242160,10996119
150840,2465,78775631900,266553,664428310,31957660
327610,14100,78660304500,9637,136258200,5578745
219420,7850,78500000000,47198,372606990,10000000
054630,1480,78454002280,2568326,3847940850,53009461
226400,4670,78330162180,284167,1323893385,16773054
089790,7590,78294743670,84936,648322610,10315513
317870,10200,78265161000,61172,626122150,7673055
123750,6140,78262263580,76483,464176420,12746297
337840,26200,78208388600,1398,37019100,2985053
187220,6950,78130635100,46688,325410960,11241818
169330,8710,78115277890,14130,122716790,8968459
024940,7800,78000000000,483468,3847312730,10000000
060540,2980,77877251880,669298,2002035990,26133306
149300,2355,77849939145,3209,7443715,33057299
031860,1395,77843930895,464896,655531130,55802101
019590,1190,77839172110,363978,435979935,65411069
005110,1165,77810663385,413174,480109435,66790269
044480,2745,77781213765,202009,546815470,28335597
069460,2780,77579033060,1782383,4866596855,27906127
162120,7600,77523534000,7597,57737200,10200465
140520,3665,77365375595,901618,3215464885,21109243
246250,11250,77069283750,1983,22255350,6850603
001810,3480,77038500000,97928,338462990,22137500
011700,2360,76572916360,333411,780038125,32446151
147830,7650,76500000000,75229,571068970,10000000
011560,7260,76447800000,25943,189071590,10530000
154030,7190,76357577110,1128700,8244511560,10619969
018470,843,76161690645,6009272,5068167462,90346015
090370,1185,76015530495,1190693,1386919380,64148127
036000,3300,76013114100,158700,521757805,23034277
016100,4130,75888043770,80238,334100500,18374829
224060,287,75548093138,17876684,5135310461,263233774
095910,5080,75526605360,153983,779691770,14867442
038010,8390,75510000000,80750,667330150,9000000
005670,7550,75500000000,68961,518256270,10000000
190650,11800,75378400000,109188,1269341200,6388000
023150,10200,75260965200,94703,968481420,7378526
215480,1565,75237044785,1391394,2189259980,48074789
090410,1630,75117074850,2382850,3881857795,46084095
196300,14900,74889858500,56117,832538950,5026165
318000,9150,74817948750,127140,1166825970,8176825
171010,6440,74748873920,36335,234694870,11606968
356890,16100,74717363000,62614,1009737500,4640830
018680,8760,74674821480,15389,134975850,8524523
092780,5670,74665168200,84400,470669250,13168460
038110,2905,74569519850,402966,1175948580,25669370
008370,6210,74520000000,110217,688855470,12000000
003780,5730,74490000000,404713,2305198240,13000000
900280,468,74309040000,6471819,3043187304,158780000
025620,2010,74187954300,184266,371253755,36909430
036480,19500,74100000000,96846,1921672550,3800000
007610,4115,74070000000,6473015,27133420915,18000000
064520,1005,74054909385,0,0,73686477
043590,2485,73965137855,0,0,29764643
100660,5870,73962000000,86283,507159210,12600000
204630,2505,73781906775,318452,792301150,29453855
002690,4910,73650000000,19896323,91031524265,15000000
204840,1560,73647941640,457756,712711420,47210219
017000,6890,73502706030,211459,1457419970,10668027
007370,6120,73440000000,16251,99331910,12000000
014100,6200,73160000000,0,0,11800000
032750,12150,72900000000,33976,404827000,6000000
179530,28400,72827483200,2857,80682700,2564348
111820,2470,72576466950,0,0,29383185
258830,10700,72521828700,17257,186266300,6777741
277410,2425,72430479575,1412728,3402574805,29868239
138070,8070,72405516810,54323,435245400,8972183
007120,559,72381638732,647489,359801397,129484148
049630,984,72372354744,506551,498319413,73549141
096640,2135,72276643915,353502,755737375,33853229
010470,6100,72254805000,49078,296200700,11845050
216280,15300,72201312000,9404,143436100,4719040
313760,14850,72200700000,7701,114974250,4862000
010400,9450,72027900000,15167,141736870,7622000
054940,2165,71820731420,9357335,21022162200,33173548
008775,95500,71804444500,69108,6507300100,751879
041590,916,71722421692,198995,183039715,78299587
126640,1970,71656557390,432318,844539990,36373887
046110,5990,71605819730,78885,477971000,11954227
000105,60100,70974494000,2437,146174500,1180940
038950,6950,70964816750,90166,625280520,10210765
263860,7510,70928946000,69152,522193480,9444600
013000,2470,70901426570,0,0,28705031
020180,1845,70901348175,313483,580025675,38428915
203450,4830,70899603810,65021,312239635,14679007
246960,14050,70870785200,18608,261859500,5044184
195500,6580,70853440000,176206,1181394020,10768000
021040,969,70846328394,4693151,4480110797,73112826
025870,17700,70800000000,63625,1145408450,4000000
131100,1710,70590860550,340391,580117115,41281205
007530,5500,70581324000,1324070,7465252190,12832968
290660,3730,70520424400,2090109,8071262680,18906280
066410,1710,70470355140,118012,203135695,41210734
263810,4920,70084012560,121495,596478430,14244718
294630,3395,70042788200,61349,206446895,20631160
323230,3690,70042325400,7593392,28500346055,18981660
048470,6990,69900000000,393001,2724536560,10000000
006920,6400,69888000000,318776,2013864130,10920000
025880,4170,69705127860,415751,1693023765,16715858
037760,2055,69526652655,185225,373781285,33832921
084670,24000,69493656000,4800,114697450,2895569
247660,16500,69447180000,33965,553682700,4208920
221980,17200,69398560000,9733,166529800,4034800
085810,2350,69214662800,290527,683647665,29453048
063760,7390,68912710700,191747,1421951310,9325130
079000,9570,68904000000,61687,586808490,7200000
130500,6240,68640000000,201752,1256450180,11000000
217620,1850,68541534300,92997,169888605,37049478
159910,263,68488344954,0,0,260411958
059120,7020,68435143920,47776,332250710,9748596
100030,20800,68301251200,11768,244934250,3283714
019685,3515,68285869850,382568,1341224745,19426990
087600,8360,68272424880,25855,213750390,8166558
050860,3900,68250000000,1466810,5677404060,17500000
233250,39000,68114826000,1,39000,1746534
000950,40500,68040000000,1897,75777550,1680000
115310,21300,68008407900,3168,66865350,3192883
039670,7360,67793710720,0,0,9211102
002290,5460,67704000000,93269,509376720,12400000
217190,7710,67610331540,55630,435383270,8769174
024070,4400,67436327200,205896,910041090,15326438
059210,2825,67411141575,534398,1508971980,23862351
079950,2905,67396000000,223338,648294695,23200000
001275,22400,67200000000,2590,57446150,3000000
123330,9570,66990000000,327936,3039544210,7000000
008470,7950,66818160000,245926,1942091740,8404800
091340,5700,66711209700,138975,793203860,11703721
219550,835,66656266440,0,0,79827864
051780,551,66451038045,189924,104033907,120600795
090080,1210,66431733390,208530,251627170,54902259
080010,7350,66260250000,56536,414771830,9015000
078935,37000,66038562000,18385,674591800,1784826
080470,9040,65992000000,35050,315506500,7300000
038060,1370,65901204530,203466,278768700,48103069
060380,3340,65798000000,593473,1954948540,19700000
174880,3995,65761802865,127059,505134025,16461027
032680,1835,65648594835,196958,365512705,35775801
011080,1685,65640300580,208358,351939625,38955668
222810,530,65592824380,1062378,561991767,123760046
024740,2185,65312551680,979956,2137477390,29891328
027040,938,65274338486,702879,664679645,69588847
088790,5230,65101701120,97154,507355530,12447744
043090,1995,65017674435,417769,830193190,32590313
000157,72700,64923862600,11088,811138200,893038
025530,4335,64738924680,668086,2992274880,14934008
215090,947,64470177563,1325436,1257622688,68078329
900340,1340,64284393520,169626,224012585,47973428
106520,1010,64093458700,0,0,63458870
900290,951,64073625000,0,0,67375000
189690,7750,64019735250,33236,258277870,8260611
094970,3820,63978276800,141746,539358725,16748240
204020,3175,63968090250,86625,276203380,20147430
212560,8120,63944699560,33820,272592920,7874963
005305,82400,63885544000,3986,327953500,775310
078940,1995,63859042275,14744,29111730,32009545
101170,4725,63787500000,147087,686514320,13500000
059100,9000,63637740000,837595,7278480490,7070860
039980,1460,63621377560,1383209,1998975800,43576286
232530,4250,63620982750,2793,11525615,14969643
066360,2280,63549012720,120836,278065170,27872374
048770,4310,63426360830,60292,258333685,14716093
311390,8640,63210196800,112749,973307020,7315995
003475,4885,63076155620,416105,2015851145,12912212
069110,2630,62963935800,0,0,23940660
084180,2740,62864894080,238720,649621730,22943392
234070,17600,62857361600,0,0,3571441
004835,45150,62848800000,238362,10907225400,1392000
016920,2615,62615385270,315602,824156915,23944698
021880,630,62486177040,254180,161209238,99184408
045510,1940,62486026480,24229,47120100,32209292
006570,4100,62422500000,8446,34452390,15225000
075130,6960,62361600000,292382,2048499620,8960000
900070,1160,62343002880,155032,179821470,53743968
064480,5210,62272525000,103318,539480180,11952500
131090,1480,62160000000,133030,195774710,42000000
010770,4240,62011975840,29901,126625575,14625466
044380,1135,61984721015,334254,376412045,54612089
032280,3815,61854845850,993296,3718851035,16213590
119500,5210,61724078720,299885,1524485760,11847232
009835,54900,61693161300,6934,381084900,1123737
208370,2845,61681204580,84514,238537610,21680564
091970,2195,61636532875,366486,793493605,28080425
049120,2335,61550469240,376417,866958795,26359944
006880,5200,61510061600,17744,92053950,11828858
173130,5180,61437027400,100167,513660820,11860430
007770,17500,61425000000,65056,1137005650,3510000
00499K,62100,61331388300,1793,111212700,987623
168330,2525,61181194400,0,0,24230176
131760,1420,60954476960,364076,519900050,42925688
035200,6240,60718881600,349171,2173053130,9730590
010280,1500,60696051000,0,0,40464034
238120,8430,60607046640,12603,105210400,7189448
317830,7420,60441094000,154520,1129660570,8145700
177350,5390,60326863520,160929,869737160,11192368
263540,2015,60278610145,0,0,29914943
178780,1730,60240302320,0,0,34820984
010660,2735,60170000000,221627,603287855,22000000
109080,10650,60023400000,27607,293083500,5636000
079650,3000,60000000000,33503,100311510,20000000
054180,1370,59951578120,628928,857993265,43760276
006200,1280,59908014080,893782,1127942720,46803136
023790,8140,59788991900,624535,5121553870,7345085
106080,3110,59354875590,0,0,19085169
257370,9210,59319850890,0,0,6440809
234920,4380,59265385800,410685,1799115830,13530910
110020,9790,59151503070,97336,947880560,6042033
279600,12750,59138082750,20101,255636100,4638281
004100,1610,59087000000,731043,1168882480,36700000
139050,720,58985817840,1236062,886812297,81924747
290270,6130,58895029360,56286,344956370,9607672
053050,1960,58775690120,758252,1477519895,29987597
019180,3265,58770000000,249597,814401475,18000000
060480,5290,58666100000,493884,2560102050,11090000
054930,19500,58500000000,13699,266489950,3000000
073070,2035,58427546375,0,0,28711325
208350,7020,58311917820,35187,248852880,8306541
001620,872,58303439896,281248,244674998,66861743
054410,11500,58190000000,28607,325009500,5060000
258250,13000,58175039000,4450,58928700,4475003
006125,42600,57870183000,109938,4855592550,1358455
071850,3480,57660774240,85974,297789085,16569188
109070,4100,57648054100,0,0,14060501
284420,15150,57576817500,4208,64591150,3800450
019540,4240,57297240000,104141,441038700,13513500
115530,839,57020957000,0,0,67963000
012620,12900,56760000000,60836,767633500,4400000
005820,24650,56644960500,4027,99060350,2297970
032080,2635,56628861415,172900,451301140,21491029
025560,15150,56548662750,26171,393719750,3732585
069640,4370,56413737140,74659,324445635,12909322
072130,4275,56410565850,69677,296890425,13195454
056000,2860,56399843500,0,0,19720225
086060,6540,56313238980,215066,1429449770,8610587
009620,1470,55995601620,3877274,5766792515,38092246
128540,3840,55905792000,60686,233475200,14558800
332370,8410,55816017830,29734,249861110,6636863
049800,5580,55800000000,47984,265375110,10000000
184230,1420,55299919100,219267,310602410,38943605
069140,7780,55259340540,66948,522679520,7102743
007630,1225,55134426375,0,0,45007695
096610,5760,54689610240,70634,406342110,9494724
046310,3325,54591981325,104319,349689160,16418641
000760,19450,54460000000,2142,41320050,2800000
099440,1770,54400257930,71537,126285955,30734609
045300,5670,54356299830,95106,530935370,9586649
122690,2780,54324663880,56713,154745615,19541246
066430,3420,54226617120,250897,850818675,15855736
073540,4735,53979000000,49419,233558360,11400000
046970,1910,53792275450,0,0,28163495
066790,960,53764862400,1138831,1104545135,56005065
213090,8780,53740518640,8948,77875170,6120788
032540,3855,53706352695,16945,66042770,13931609
33626L,17950,53604085000,10036,179996050,2986300
085910,4285,53505346670,73291,309928075,12486662
320000,2890,53462537720,46679,134848070,18499148
317770,17600,53363552000,4932,86367000,3032020
049470,1050,53284611450,224953,234509675,50747249
227610,2660,53200000000,86214,229585770,20000000
028080,4220,53077075320,60711,254405185,12577506
018500,1135,53066848955,479909,540780875,46754933
211050,11750,52804382500,508,5800450,4493990
033340,1055,52653176320,0,0,49908224
060260,1570,52490987500,390894,612939890,33433750
033250,1640,52480000000,3533782,6066706925,32000000
024830,6280,52438000000,0,0,8350000
014910,2690,52419645330,17588635,48224459960,19486857
197140,6600,52221034800,110208,718401140,7912278
080530,2080,52183196000,45769,95912225,25088075
227420,6050,52124398150,3360,20295760,8615603
039310,2860,51827967620,72935,207593225,18121667
131180,1765,51802750000,100532,176802510,29350000
336040,21650,51544688050,1116,23875850,2380817
051630,4295,51540000000,124387,532401030,12000000
011420,1870,51517834280,207535,384993830,27549644
051390,4530,51439817040,47418,214445495,11355368
032580,1550,51354699200,183603,283707075,33132064
029480,608,51326046112,1224790,739025695,84417839
130740,4540,51196122660,117933,532999895,11276679
032960,14600,51147961000,20945,300697400,3503285
003465,2865,50069957625,21441,60870985,17476425
140910,11850,49976071500,810714,9896601650,4217390
317850,6000,49946520000,53882,324096910,8324420
189860,5140,49851729200,133616,682054095,9698780
073190,4165,49846886600,189996,786266380,11968040
134060,10450,49838662500,55663,595320550,4769250
153460,7630,49824006820,175731,1330917630,6530014
032800,125,49601082500,8470277,1068259081,396808660
003680,7980,49551929700,12724,100881900,6209515
081580,3195,49548516885,29953,95905165,15508143
054300,936,49346962704,454030,425635209,52721114
154040,3795,49259654070,48704,186806360,12980146
098120,5910,49128447060,50382,297003020,8312766
343090,9000,49124925000,106196,945294270,5458325
043200,1265,49063590455,1739312,2307371970,38785447
060300,1830,48840480210,0,0,26688787
009810,611,48537357310,920445,552886046,79439210
900270,604,48320000000,395466,238002932,80000000
062970,5140,47844070900,74474,384366580,9308185
187790,1800,47578995000,285829,509459185,26432775
070590,3410,47329166610,132540,453161710,13879521
065440,1735,47322159700,349313,601130445,27275020
108675,45800,47280714000,92228,4180177700,1032330
035290,1305,47272202550,0,0,36223910
214310,1185,47194891905,329681,392359430,39826913
089530,3300,47063217300,2368411,8212502400,14261581
009140,29950,47045370150,2982,88656250,1570797
237750,7230,46970418000,30536,222806690,6496600
067770,5570,46769023010,166236,916851950,8396593
900300,726,46762429560,1377372,1003989139,64411060
900260,328,46504250000,469343,153292207,141781250
046070,1190,46486464640,96676,114460950,39064256
079170,8910,46332000000,77691,686989550,5200000
010420,2260,46314207120,294495,670317105,20493012
065690,3315,46289032335,50488,166517450,13963509
002680,1630,46080080440,252983,412184235,28269988
238500,2865,46063303830,4825,13399850,16077942
008830,5110,45926227200,38496,196729460,8987520
114190,2500,45387277500,0,0,18154911
050320,990,45205142400,0,0,45661760
019490,6250,45138775000,1168910,7683077060,7222204
035460,3095,45116867300,276159,855647965,14577340
003495,40600,45098236400,34572,1384767250,1110794
148780,9500,45084340000,929,8822420,4745720
33637L,27250,44854862500,5030,136247000,1646050
056090,5020,44833233460,51005,256334700,8930923
011300,787,44747135820,0,0,56857860
082660,1250,44670322500,199791,249840040,35736258
072950,7150,44550641850,40426,291697590,6230859
254120,2115,44475372675,195431,411861885,21028545
076610,1060,44116933940,236470,247263610,41619749
266470,3120,44013362640,87776,275175420,14106847
065420,639,43500682854,0,0,68076186
086250,1405,43288294470,0,0,30810174
093380,4375,43221994375,523861,2299381920,9879313
192390,4035,43000575360,548686,2324090485,10656896
225590,1595,42485557235,374516,596091800,26636713
026040,2570,42414740300,45973,118822180,16503790
030720,9020,41977321100,35583,319801730,4653805
090150,4345,41965717585,29867,128852635,9658393
043710,1145,41744935555,669166,783195655,36458459
084870,2000,41713638000,130412,261586320,20856819
004920,1650,41366773800,2182745,3577503600,25070772
232830,4350,41364289200,4335,17829560,9509032
085670,1865,41112647475,125314,235390680,22044315
230980,2120,40893451680,301074,653310620,19289364
317860,10850,40809649300,2,22000,3761258
093640,3100,40736715600,86274,264962025,13140876
026910,6320,40482159600,208890,1311243710,6405405
115480,1500,40454887500,149098,223257930,26969925
115570,5140,40400446260,86191,438652790,7860009
044780,2180,40342615660,217545,463491355,18505787
011230,3835,40106199900,23219,89029495,10457940
048830,2135,39975575605,220008,474415580,18723923
286000,8720,39548164800,6,52320,4535340
155900,2600,39520010400,18650,48315520,15200004
900120,357,39414391149,539242,195162264,110404457
071950,1275,39406692750,420000,532228145,30907210
158300,11900,39345386500,0,0,3306335
033050,1200,39095210400,123493,147817570,32579342
001770,31450,38207913100,17120,547766200,1214878
136660,4035,38105733000,25981,99921140,9443800
064510,937,38028192787,1166257,1098838918,40585051
223310,3320,37836250520,0,0,11396461
199150,9200,37697901600,1974,18429660,4097598
099520,1285,37652662655,0,0,29301683
010640,3765,37650000000,196468,732526065,10000000
275630,6300,37359239400,32254,201927250,5930038
227100,10950,37289469450,42667,464267450,3405431
187270,3665,37177191925,52320,189955765,10143845
302920,8140,37056202260,1,8140,4552359
098660,2960,37002888960,141237,428089700,12500976
36328K,28900,36279268200,71371,2014021850,1255338
091440,3950,36244706250,43922,172251795,9175875
025890,3200,36189628800,2135738,6711154970,11309259
217880,10500,36018328500,920,9504600,3430317
001420,4735,35986000000,68046,320558275,7600000
036180,1205,35868301125,0,0,29766225
017250,1695,35672066565,34210,57677175,21045467
083470,1585,35542856275,0,0,22424515
322970,5270,35537602060,2284,11848590,6743378
010145,308000,35372260000,9269,2721688500,114845
103660,5950,35208952450,0,0,5917471
001465,162000,34892370000,652,104318500,215385
136510,6170,34784479430,10728,66276050,5637679
005030,610,34678205370,3788877,2373412099,56849517
052770,3180,34542772260,0,0,10862507
001210,2770,34440512460,33421,91361855,12433398
175140,6740,34200701120,77997,523280390,5074288
012600,2490,33838831080,0,0,13589892
030350,1975,33787101175,217485,424920880,17107393
004365,9020,33277035000,18736,169657670,3689250
257990,8490,33217931550,3,26580,3912595
251280,12200,33085180000,566,6682150,2711900
020400,11000,33031482000,45320,489077100,3002862
044180,1990,32885466400,400292,786505025,16525360
207490,9110,32796000000,1,9110,3600000
096300,238,32767890218,253918,60204440,137680211
000225,14450,32757138500,140652,2025227400,2266930
258540,18650,32413513500,5024,87936050,1737990
191410,3450,32302425900,85065,286198860,9363022
101400,994,32102133546,191556,188756481,32295909
134580,2850,32062500000,80616,230274890,11250000
196700,2340,32054433840,417491,967606960,13698476
015260,1440,31430028960,47247,67663550,21826409
092590,4300,31351721400,25959,99954300,7291098
900110,229,31289995744,2501295,568790409,136637536
150440,3270,31278897240,6154,19570515,9565412
096870,4665,31154736000,465575,2233947720,6678400
101670,1625,30712500000,452517,729811900,18900000
323350,42000,30660000000,12,517500,730000
043360,3395,30555000000,49046,163291465,9000000
182690,1440,30474933120,0,0,21163148
039740,3780,30309540660,287116,1168137890,8018397
250030,11700,30295242900,203,2299200,2589337
204210,3865,30250639975,43176,167146435,7826815
003925,181500,30249153000,8909,1600021500,166662
076340,6200,30203052000,51598,317857600,4871460
003280,258,30117000222,0,0,116732559
070300,4070,29979921180,138690,567316320,7366074
084440,10000,29971070000,309,2996300,2997107
35320K,14300,29965921700,267715,3811665900,2095519
001685,21850,29939372550,21332,468837650,1370223
172580,2265,29545792500,28549,64245980,13044500
200580,7850,29249720150,2852,22399230,3726079
064090,264,29012041080,407473,107389072,109894095
099410,2135,28910039270,313765,663425460,13541002
114120,1355,28402581825,254113,341016820,20961315
161570,1780,27737437400,67896,121251290,15582830
222160,4885,27538337510,5920,28881075,5637326
033430,370,27363736280,0,0,73956044
112190,3840,27360971520,8902,34056630,7125253
327970,27050,27050000000,101,2582050,1000000
153360,1655,26727902450,27676,45866715,16149790
141070,743,26670245050,0,0,35895350
087730,8160,26570510400,0,0,3256190
033110,204,26473567764,0,0,129772391
009730,905,26398999325,0,0,29170165
163430,6010,25864503780,39949,242257940,4303578
226350,5350,25849675250,0,0,4831715
000087,22850,25823653300,12121,275239950,1130138
002025,23850,25671901500,116752,2790394900,1076390
066110,480,25343808000,0,0,52799600
208860,2205,25233717915,0,0,11443863
002420,6160,25107667200,0,0,4075920
053060,1990,25015629320,177673,362533215,12570668
000075,81900,24902350200,2034,164389200,304058
127160,282,24427827282,0,0,86623501
900080,197,24380639821,0,0,123759593
26490K,31500,24367140000,742197,23561461750,773560
299670,4445,24225250000,2,8245,5450000
243870,16500,24056191500,0,0,1457951
113810,730,23818477230,320437,231068498,32628051
238170,1145,23787013180,157178,176898515,20774684
135160,2470,23653542510,2816,6960550,9576333
086220,2235,23632588275,34586,69222100,10573865
000885,49100,23533335400,19751,957232700,479294
053110,236,23318448696,2238695,528005428,98806986
253610,3000,23317629000,3918,11852165,7772543
191600,8180,23313000000,13,95140,2850000
090355,50000,23156300000,147888,6914312100,463126
000325,125000,23156250000,57589,7006699900,185250
002355,3555,23107500000,32261,113711315,6500000
000725,233500,23082876000,2978,686253000,98856
001795,7000,22689660000,6446862,47946784240,3241380
043100,392,22641609536,0,0,57759208
007815,7540,22353762600,188588,1404892770,2964690
18064K,41450,22248950700,12364,505169250,536766
278990,6120,22180238640,200,1224000,3624222
001515,5650,22105704100,66754,373337670,3912514
236340,9190,22105451390,3053,27536310,2405381
058450,685,21741900000,0,0,31740000
291230,2875,21706250000,4356042,12848777195,7550000
053660,400,21280401200,0,0,53201003
058530,1620,21187053360,0,0,13078428
005745,35050,21055446300,144907,4916453400,600726
045890,240,20823884880,0,0,86766187
009415,15950,20769164900,145091,2282120800,1302142
221800,10900,20715559000,951,9130900,1900510
115610,2670,20476571760,50750,136819685,7669128
331660,18350,20185000000,0,0,1100000
107640,5300,20113500000,490,2591000,3795000
039230,543,19975625532,0,0,36787524
010580,306,19761980616,0,0,64581636
309900,1950,19500000000,0,0,10000000
340360,2835,19405575000,148932,426215865,6845000
222670,6610,18951200500,2838,18844870,2867050
084695,20700,18909077400,149002,3130500900,913482
141020,108,18839533608,0,0,174440126
224760,4745,18693876500,0,0,3939700
160600,310,18642222930,0,0,60136203
333430,4205,18459950000,148155,621910070,4390000
066830,3200,18134976000,758,2371080,5667180
103230,2505,18036000000,0,0,7200000
008500,14850,17820000000,4881,71649150,1200000
145995,47950,17744856500,6740,321235200,370070
210120,9300,17623500000,1,9300,1895000
267060,1985,17492532615,4699,8713935,8812359
208850,6110,17231727500,1,6110,2820250
007575,38450,17113326000,11236,430692350,445080
348840,20150,16976375000,1,20150,842500
149010,5430,16941600000,2,11010,3120000
178600,3800,16908480000,6,22800,4449600
299480,1515,16817625645,702,1014540,11100743
224810,4000,16800000000,4353,17402720,4200000
038340,445,16641828315,0,0,37397367
236030,8400,16632000000,1,8400,1980000
354230,27200,16320000000,139,3425600,600000
323940,2085,16308870000,13681,28347050,7822000
206950,3840,16063998720,0,0,4183333
281310,5960,15799304400,10109,64170770,2650890
359090,2180,15281800000,1678,3625085,7010000
317320,3475,15151000000,565891,1982571570,4360000
004255,2860,15100800000,72685,211668980,5280000
00806K,12450,15093844650,94048,1168401100,1212357
001745,132000,15001536000,1638,214595500,113648
223220,638,14925135940,0,0,23393630
212310,3375,14881772250,2117,6487800,4409414
189350,3095,14856000000,2,6190,4800000
363260,2120,14437200000,10,21200,6810000
004545,39200,14353472000,32628,1291776800,366160
050540,282,14321537226,0,0,50785593
033790,829,14190075900,0,0,17117100
122830,2125,13919593625,11893,25147980,6550397
328380,2140,13871480000,19234,41137915,6482000
233990,990,13826652840,3965,3951046,13966316
202960,1160,13822075120,23007,26691590,11915582
322190,1840,13809562480,619,1177795,7505197
000995,122000,13702552000,1602,193529500,112316
004105,4145,13678500000,1206503,4893585260,3300000
342550,2100,13652100000,15,31665,6501000
367480,2095,13596550000,17457,36341690,6490000
052190,8850,13511436600,0,0,1526716
005725,3670,13214202000,59315,213485580,3600600
001755,24400,12810000000,16275,395657650,525000
008355,41250,12700462500,13681,552695850,307890
336060,2140,12690200000,2,4285,5930000
004565,115500,12687906000,14997,1729408000,109852
004415,5700,12679650000,35446,201252830,2224500
004985,17200,12653094000,41830,715288300,735645
367340,2090,12644500000,9845,20521085,6050000
069330,1055,12541620560,0,0,11887792
353190,2890,12455900000,111520,325266655,4310000
244880,2450,12299000000,174,436540,5020000
003075,38850,12152396550,33445,1302493100,312803
101680,1440,12101760000,0,0,8404000
340350,2115,12076650000,1014,2126555,5710000
336570,2140,12005400000,8608,18460160,5610000
012205,8570,11998000000,78872,663737160,1400000
279060,1885,11741979795,107141,210684065,6229167
317030,2125,11604625000,5781,12205830,5461000
367460,2095,11522500000,12768,26737840,5500000
355150,2150,11438000000,1509,3217230,5320000
351340,2190,11322300000,1052,2288890,5170000
332290,2140,11138700000,14943,32088350,5205000
353490,2155,10904300000,45168,96582610,5060000
340120,2160,10843200000,1290,2752710,5020000
333050,2150,10771500000,4095,8769270,5010000
058220,275,10717917100,0,0,38974244
266170,1835,10685271060,556,898160,5823036
002995,36550,10682322300,12040,440037600,292266
307070,2070,10681200000,7161,14809560,5160000
005965,47300,10677123600,48700,2202086200,225732
353060,2085,10664775000,46437,96304070,5115000
014825,39800,10561248400,3444,136404100,265358
038160,862,10551204112,0,0,12240376
086460,5650,10304752500,255,1444140,1823850
000545,13250,10176000000,108951,1447766500,768000
368770,2115,10173150000,11701,24702880,4810000
367360,2095,10139800000,12889,26944650,4840000
341160,2150,10126500000,19929,42881995,4710000
307870,2120,10070000000,3176,6682700,4750000
258050,1395,10037782485,5294,7385130,7195543
340440,2120,9985200000,25137,53042090,4710000
365590,2170,9982000000,170,367425,4600000
313750,2140,9951000000,8386,17965175,4650000
307160,2165,9937350000,110574,242002155,4590000
006345,3775,9895030000,354662,1306250340,2621200
351320,2280,9872400000,0,0,4330000
000227,29900,9734244000,5072,150052150,325560
121060,1615,9660397050,3153,4440555,5981670
215570,3025,9642187500,8825,26712530,3187500
366330,2110,9600500000,1717,3623205,4550000
199290,2930,9571724000,0,0,3266800
332710,2150,9481500000,195961,425020175,4410000
033600,179,9456230437,0,0,52828103
344050,2185,9406425000,149385,324052075,4305000
000145,19700,9274957000,21058,436561250,470810
337450,2145,9244950000,69,148015,4310000
285770,2585,9164807300,7,17180,3545380
330990,2115,9096615000,2181,4587745,4301000
353070,2105,9072550000,342,719910,4310000
372290,2105,9059920000,2420,5103110,4304000
014285,15350,9054581250,71451,1087353350,589875
369370,2145,9030450000,5930,12719350,4210000
311060,3500,8940785000,10,31830,2554510
331380,2170,8701700000,0,0,4010000
016385,161500,8621677500,3454,562351000,53385
195440,2075,8582183400,0,0,4135992
343510,2140,8581400000,330,706200,4010000
08537M,16750,8512299750,241,4077250,508197
331520,2190,8497200000,44674,97715840,3880000
011155,42100,8420000000,4374,182274900,200000
208890,2595,8176377900,209,543355,3150820
271850,2610,8151030000,119,299060,3123000
185190,2190,8093035500,1,2190,3695450
321260,2310,8061900000,0,0,3490000
329560,2090,8046500000,18420,38373915,3850000
021045,1855,7869774430,763109,1362553885,4242466
311270,2185,7866000000,32404,70667495,3600000
349720,2170,7855400000,126233,269418000,3620000
217320,7480,7854000000,146,1007980,1050000
344860,4200,7812000000,500,2070000,1860000
014915,13000,7800000000,105285,1350107400,600000
058420,2160,7799412240,0,0,3610839
001065,43900,7791635400,4741,206779700,177486
310840,2235,7643700000,14332,31779310,3420000
323280,2170,7605850000,4032,8803150,3505000
373200,2150,7568000000,19334,41731150,3520000
310870,2200,7524000000,160519,351035140,3420000
121890,739,7101198800,0,0,9609200
114570,620,7030424280,0,0,11339394
183410,1695,6968417895,0,0,4111161
00781K,8840,6927899160,67872,587443730,783699
373340,2290,6915800000,944604,2193114080,3020000
335870,2205,6879600000,67268,148523150,3120000
323210,2140,6848000000,12989,27762770,3200000
001067,73400,6828255200,1673,122427500,93028
347140,2265,6815385000,261799,598064315,3009000
080440,498,6636328080,0,0,13325960
140290,627,6618047700,4153,2223433,10555100
266870,1030,6600940400,5565,5700785,6408680
002785,7590,6506284620,93250,682813050,857218
270020,2040,6423998760,0,0,3149019
000547,39750,6105600000,52876,2185610100,153600
158310,505,6096179210,0,0,12071642
270210,7400,5970379200,139,903680,806808
308700,1395,5580000000,2,2620,4000000
001527,17350,5353672150,64198,1039378200,308569
001525,8600,5312486600,149265,1225732330,617731
032685,35300,5042852100,14592,511824300,142857
288490,161,4907280000,0,0,30480000
114920,1400,4857300000,1,1400,3469500
224020,1510,4643250000,22,33445,3075000
276240,690,4605336000,73487,46566393,6674400
217910,349,4533692178,16216,5199061,12990522
002787,14800,4363158400,17032,257140000,294808
009275,48000,4355520000,28634,1363704650,90740
116100,695,4336790270,111,77145,6239986
215050,2020,4285765320,494,997880,2121666
245450,2495,3942000200,1,2495,1579960
093510,630,3792600000,19659,10080756,6020000
329020,4700,3760000000,301,1472450,800000
140660,1500,3730878000,0,0,2487252
179720,3400,3455634200,0,0,1016363
240340,999,3342976677,0,0,3346323
001529,33950,3046061900,23437,767600550,89722
242350,635,3023565200,4203,2683164,4761520
267810,1590,2459730000,6882,10796280,1547000
225850,283,943050239,0,0,3332333
225860,75,851856900,0,0,11358092
